회사명,거래소코드,회계년도,통계청 한국표준산업분류 10차(대분류)
(주)인스빌,039379,2018/12,부동산업
(주)인스코퍼레이션,058601,2018,
(주)인스타디앤씨,087283,2018/12,부동산업
(주)인스텍,085404,2018/12,제조업
(주)인스파월드,044731,2018,
(주)인아,082697,2018/12,제조업
(주)인아오리엔탈모터,025922,2018/12,제조업
(주)인아코포,017114,2018/12,도매 및 소매업
(주)인아텍,042936,2018/12,제조업
(주)인아트,070933,2018/12,제조업
(주)인암,066249,2018/12,부동산업
(주)인앤아웃,026266,2018/12,숙박 및 음식점업
(주)인엑스하우징,051878,2018,
(주)인원어페럴,065861,2018/12,제조업
(주)인정건설,081613,2018/12,건설업
(주)인젠,017119,2018,
(주)인젠트,041449,2018/12,정보통신업
(주)인지컴퍼니,089952,2018/12,제조업
(주)인천공항영종위탁관리부동산투자회사,090664,2018/12,부동산업
(주)인천글로벌시티,075965,2018/12,부동산업
(주)인천금속,064226,2018/12,제조업
(주)인천도화공공임대위탁관리부동산투자회사,078234,2018/12,부동산업
(주)인천도화뉴스테이기업형임대위탁관리부동산투자회사,078287,2018/12,부동산업
(주)인천도화위탁관리부동산투자회사,074695,2018/12,부동산업
(주)인천리사이클링,063906,2018/12,"수도, 하수 및 폐기물 처리, 원료 재생업"
(주)인천송도M2PFV,084815,2018/12,건설업
(주)인천신세계,080223,2018/12,도매 및 소매업
(주)인천유나이티드,040385,2018/12,"예술, 스포츠 및 여가관련 서비스업"
(주)인천유니온약품,080804,2018/12,도매 및 소매업
(주)인천이피에스,073665,2018/12,제조업
(주)인천장례식장,080296,2018/12,"협회 및 단체, 수리 및 기타 개인 서비스업"
(주)인철스카이정비,076059,2018,
(주)인코미디어넷,089867,2018/12,"전문, 과학 및 기술 서비스업"
(주)인콤,091880,2018/12,제조업
(주)인크룩스,069091,2018,
(주)인타이어모터스,070583,2018/12,도매 및 소매업
(주)인터내셔널시티스퀘어,089675,2018/12,숙박 및 음식점업
(주)인터내셔널오토트레이딩,060974,2018/12,도매 및 소매업
(주)인터네셔널메디칼,074579,2018,
(주)인터랙티비,045340,2018,
(주)인터렉스메가라인,052683,2018/12,운수 및 창고업
(주)인터롤코퍼레이션,090123,2018/12,도매 및 소매업
(주)인터불고건설,048546,2018/12,건설업
(주)인터불고몰,067277,2018,
(주)인터불고유통,058780,2018,
(주)인터소프트,083454,2018,
(주)인터아이디,060074,2018,
(주)인터알리아,038719,2018,
(주)인터에셋홀딩스,051150,2018/12,부동산업
(주)인터오션,089857,2018/12,제조업
(주)인터우드,078400,2018/12,도매 및 소매업
(주)인터워크코리아,082050,2018/12,제조업
(주)인터웨이브,059120,2018,
(주)인터컨스텍,040705,2018/12,건설업
(주)인터케어,053221,2018/12,도매 및 소매업
(주)인터코스,072353,2018,
(주)인터코스코리아,081798,2018/12,도매 및 소매업
(주)인터콤어소시에이션,043247,2018/12,"전문, 과학 및 기술 서비스업"
(주)인터텍,076429,2018,
(주)인터텍킴스코,059280,2018/12,"전문, 과학 및 기술 서비스업"
(주)인터파크,045517,2018,
(주)인터파크비즈마켓,065670,2018/12,도매 및 소매업
(주)인터파크씨어터,058019,2018/12,"예술, 스포츠 및 여가관련 서비스업"
(주)인터파크에이치엠,061986,2018,
(주)인터파크인터내셔널,065658,2018/12,도매 및 소매업
(주)인터파크큐브릿지,028359,2018/12,도매 및 소매업
(주)인터펫코리아,075985,2018/12,도매 및 소매업
(주)인터피드,065693,2018/12,도매 및 소매업
(주)인터하우스,011725,2018,
(주)인테라뱅,069119,2018,
(주)인테로,057231,2018,
(주)인테코,084991,2018/12,제조업
(주)인테코스틸,070366,2018,
(주)인테크디자인,089617,2018/12,건설업
(주)인텍상역,073017,2018/12,도매 및 소매업
(주)인텔로그디앤씨,046354,2018/12,"협회 및 단체, 수리 및 기타 개인 서비스업"
(주)인텔리안시스템즈,070816,2018/12,정보통신업
(주)인텔리안테크놀로지스,051805,2018,
(주)인템,053575,2018/12,부동산업
(주)인토디앤씨,088111,2018/12,부동산업
(주)인투온,066592,2018/12,제조업
(주)인트라게임즈,073270,2018,
(주)인트라코,089291,2018/12,제조업
(주)인트로메딕,052392,2018,
(주)인포마스터,074446,2018,
(주)인포마크,061038,2018,
(주)인포스,090471,2018/12,정보통신업
(주)인포트,049309,2018,
(주)인포허브,030417,2018,
(주)인풍,018422,2018/12,"전문, 과학 및 기술 서비스업"
(주)인프라웨어테크놀러지,072767,2018,
(주)인플레이인터렉티브,070125,2018/12,정보통신업
(주)인피니티,050367,2018/12,제조업
(주)인피니티플래닝,092032,2018/12,부동산업
(주)인피온,070436,2018/12,"전문, 과학 및 기술 서비스업"
(주)인하,083063,2018,
(주)인하우징,064940,2018,
(주)인흥개발,073086,2018,
(주)인흥산업,077238,2018,
(주)일강,047395,2018/12,제조업
(주)일강케이스판,081539,2018,
(주)일경아이씨디,064775,2018/12,부동산업
(주)일광,089074,2018/12,도매 및 소매업
(주)일광메탈,050310,2018/12,제조업
(주)일광캔테크,042983,2018/12,제조업
(주)일광태양광발전소,059117,2018,
(주)일광폴리머,051845,2018/12,도매 및 소매업
(주)일군토건,074768,2018/12,건설업
(주)일동,041198,2018/12,제조업
(주)일동유황온천,017151,2018,
(주)일렉스,080654,2018/12,제조업
(주)일렉콤,062030,2018/12,제조업
(주)일룸,053188,2018/12,도매 및 소매업
(주)일륭금속,063170,2018/12,제조업
(주)일만,072590,2018,
(주)일미,053943,2018/12,제조업
(주)일산,065956,2018/12,제조업
(주)일산씨월드,065761,2018/12,"예술, 스포츠 및 여가관련 서비스업"
(주)일산전기,087518,2018/12,제조업
(주)일산태양광,059070,2018,
(주)일삼사메리트컴,056502,2018/12,"전문, 과학 및 기술 서비스업"
(주)일성,067279,2018/12,"수도, 하수 및 폐기물 처리, 원료 재생업"
(주)일성건설,017162,2018/12,건설업
(주)일성레미콘,080429,2018,
(주)일성산업,087617,2018/12,제조업
(주)일성엔지니어링,058827,2018/12,건설업
(주)일성테크,063953,2018/12,제조업
(주)일성티디에스,074574,2018,
(주)일성티엔씨,092372,2018/12,"사업시설 관리, 사업 지원 및 임대 서비스업"
(주)일성하이스코,010561,2018/12,제조업
(주)일승식품,083334,2018/12,제조업
(주)일신레져,018433,2018/12,"예술, 스포츠 및 여가관련 서비스업"
(주)일신밸브,048930,2018/12,제조업
(주)일신비츠온,059384,2018/12,도매 및 소매업
(주)일신씨앤에이,082944,2018,
(주)일신오토클레이브,070218,2018/12,제조업
(주)일신이앤씨,057850,2018/12,"전문, 과학 및 기술 서비스업"
(주)일신이앤씨,043408,2018/12,건설업
(주)일신전기,046238,2018/12,제조업
(주)일신정밀,053580,2018/12,제조업
(주)일신종합건축,090912,2018/12,건설업
(주)일신종합환경,067346,2018/12,건설업
(주)일신케미칼,086532,2018/12,제조업
(주)일신테크,073066,2018/12,제조업
(주)일신피앤씨,077033,2018/12,부동산업
(주)일심,017181,2018/12,도매 및 소매업
(주)일양로지스,043533,2018/12,운수 및 창고업
(주)일양물류,043643,2018/12,운수 및 창고업
(주)일양엔지니어링,078699,2018,
(주)일양오피오,064737,2018/12,제조업
(주)일양익스프레스,018437,2018/12,운수 및 창고업
(주)일양종합물류,048926,2018/12,운수 및 창고업
(주)일양토건,017183,2018,
(주)일우,017186,2018/12,건설업
(주)일우산업개발,083209,2018,
(주)일우상사,048839,2018/12,제조업
(주)일우정밀,041695,2018/12,제조업
(주)일우텍,049390,2018/12,건설업
(주)일우피피씨,080931,2018,
(주)일웅테크론,086444,2018/12,제조업
(주)일웅플라텍,089987,2018/12,제조업
(주)일원디앤씨,076483,2018/12,부동산업
(주)일월,070919,2018/12,제조업
(주)일월세미컴,052326,2018/12,도매 및 소매업
(주)일이종합건설,065035,2018/12,건설업
(주)일진,092323,2018/12,제조업
(주)일진,014145,2018/12,제조업
(주)일진글로벌홀딩스,018438,2018/12,제조업
(주)일진레이텍,064649,2018,
(주)일진베어링,017196,2018/12,제조업
(주)일진에너지,070302,2018/12,제조업
(주)일진에이엔씨,078402,2018/12,제조업
(주)일진이플러스,067853,2018/12,제조업
(주)일진콤텍,071367,2018/12,제조업
(주)일해,073759,2018/12,제조업
(주)일해토건,017204,2018,
(주)일호인터내셔날,040364,2018,
(주)일화,017207,2018/12,제조업
(주)일흥,061202,2018,
(주)임광아이앤씨,059655,2018,
(주)임산업,017211,2018,
(주)임오산업,058497,2018/12,도매 및 소매업
(주)임오파트너스,058129,2018/12,제조업
(주)입소스코리아,061221,2018/12,"전문, 과학 및 기술 서비스업"
(주)잇츠스킨,063089,2018,
(주)잉글리쉬무무,053777,2018,
(주)잉카엔트웍스,077643,2018,
(주)잉카인터넷,030404,2018,
(주)자강,026437,2018/12,제조업
(주)자광,085178,2018/12,부동산업
(주)자광홀딩스,081010,2018/12,"예술, 스포츠 및 여가관련 서비스업"
(주)자람테크놀로지,090621,2018/12,제조업
(주)자비스,063525,2018,
(주)자사제이에스엠,059670,2018,
(주)자산유리,023781,2018/12,제조업
(주)자스텍,011258,2018,
(주)자스펠,059102,2018,
(주)자연과사람들,029822,2018/12,제조업
(주)자연디앤씨,069858,2018,
(주)자연인,092012,2018/12,제조업
(주)자유로청아공원,040333,2018/12,"협회 및 단체, 수리 및 기타 개인 서비스업"
(주)자유투어,065197,2018/12,"사업시설 관리, 사업 지원 및 임대 서비스업"
(주)자은전자,014215,2018,
(주)자음과모음,078706,2018/12,정보통신업
(주)자이언엔텍,077483,2018/12,제조업
(주)자이언트스텝,081611,2018/12,정보통신업
(주)자이언트케미칼,088170,2018/12,제조업
(주)자이코리아,052588,2018,
(주)자인,080358,2018/12,건설업
(주)자인텍,091593,2018/12,부동산업
(주)자형매니지먼트,048492,2018/12,도매 및 소매업
(주)작은거인,046465,2018,
(주)작은신부,046038,2018,
(주)잔티아시아,064338,2018,
(주)잠언의료기,089925,2018/12,제조업
(주)장나라미트,066436,2018/12,도매 및 소매업
(주)장백산업기계,061508,2018/12,"사업시설 관리, 사업 지원 및 임대 서비스업"
(주)장산우가,056746,2018,
(주)장산태양광발전소,053103,2018/12,"전기, 가스, 증기 및 공기조절 공급업"
(주)장성산업,059588,2018,
(주)장수산업,039623,2018/12,제조업
(주)장수주택건설,041765,2018,
(주)장안신기테크,067733,2018,
(주)장안에너지,017224,2018/12,도매 및 소매업
(주)장업시스템,067166,2018/12,제조업
(주)장연다이아몬드관광호텔,030604,2018/12,건설업
(주)장영,017226,2018/12,제조업
(주)장영건설,076743,2018/12,건설업
(주)장원,064051,2018,
(주)장원,068836,2018/12,제조업
(주)장원디앤씨,081396,2018/12,부동산업
(주)장원레미콘,086168,2018/12,제조업
(주)장원조경,080102,2018/12,건설업
(주)장원테크,053581,2018,
(주)장위홀딩스,089964,2018/12,부동산업
(주)장유,038864,2018/12,제조업
(주)장은테크,044683,2018/12,제조업
(주)장충동왕족발,053614,2018/12,제조업
(주)장평건설,078277,2018,
(주)장한산업,067310,2018/12,부동산업
(주)장헌산업,058777,2018/12,건설업
(주)장현금속,082636,2018/12,제조업
(주)장형,087550,2018/12,부동산업
(주)장형기업,052343,2018/12,"수도, 하수 및 폐기물 처리, 원료 재생업"
(주)장호원환경,092610,2018/12,"수도, 하수 및 폐기물 처리, 원료 재생업"
(주)장흥전력,058852,2018,
(주)재경이앤지,074194,2018/12,부동산업
(주)재경홀딩스,062027,2018/12,부동산업
(주)재능이아카데미,046321,2018/12,정보통신업
(주)재림통상,081311,2018/12,부동산업
(주)재미인터랙티브,063606,2018,
(주)재승디넥스,077701,2018,
(주)재승엔지니어링,046345,2018,
(주)재영,056558,2018/12,제조업
(주)재영,081285,2018/12,제조업
(주)재우,074093,2018/12,제조업
(주)재원,073782,2018,
(주)재원비앤씨,073423,2018,
(주)재원산업기계,059090,2018/12,제조업
(주)재원푸드,082474,2018/12,숙박 및 음식점업
(주)재이솔루션테크놀러지,080034,2018/12,제조업
(주)재인써키트,072382,2018/12,제조업
(주)재찬,082640,2018,
(주)재현,041222,2018/12,제조업
(주)재현인텍스,046009,2018/12,제조업
(주)재형개발,083303,2018,
(주)재호물산,063612,2018/12,도매 및 소매업
(주)저스트원,048932,2018/12,건설업
(주)저스트원디앤씨,073553,2018/12,부동산업
(주)전국24시콜화물,074038,2018/12,운수 및 창고업
(주)전국관광,039980,2018/12,"사업시설 관리, 사업 지원 및 임대 서비스업"
(주)전라주정,023289,2018,
(주)전북고속터미널,017243,2018/12,운수 및 창고업
(주)전북엔비텍,042922,2018/12,건설업
(주)전북일보사,063989,2018/12,정보통신업
(주)전성,061761,2018/12,제조업
(주)전승건설,076330,2018/12,건설업
(주)전영,060900,2018/12,제조업
(주)전우사,070300,2018,
(주)전우정밀,052179,2018,
(주)전인씨엠건축사사무소,084735,2018/12,"전문, 과학 및 기술 서비스업"
(주)전자신문사,018455,2018/12,정보통신업
(주)전주솔라에너지,053496,2018,
(주)전진엔텍,061275,2018/12,제조업
(주)전진팜스토리,069619,2018,
(주)전통,069077,2018/12,건설업
(주)전한,065004,2018/12,숙박 및 음식점업
(주)전한슬라이드,090026,2018/12,제조업
(주)정강,073008,2018/12,금융 및 보험업
(주)정공산업,045946,2018/12,제조업
(주)정공이산,090535,2018/12,도매 및 소매업
(주)정관디스플레이,067903,2018,
(주)정광,070042,2018/12,제조업
(주)정광,076273,2018/12,제조업
(주)정광기업,069143,2018/12,제조업
(주)정광아이엔씨,069279,2018/12,제조업
(주)정금강업,066796,2018/12,도매 및 소매업
(주)정다운,052145,2018,
(주)정담아,091481,2018/12,제조업
(주)정도개발,091270,2018/12,광업
(주)정도알미늄,030211,2018,
(주)정도토건,087664,2018/12,건설업
(주)정동산업,086133,2018/12,제조업
(주)정림건설,017268,2018/12,건설업
(주)정림건축종합건축사사무소,017269,2018/12,"전문, 과학 및 기술 서비스업"
(주)정림종합건설,049222,2018,
(주)정무이앤에이,087086,2018/12,부동산업
(주)정민,077700,2018/12,제조업
(주)정민디앤씨,087608,2018/12,부동산업
(주)정민실업,076782,2018/12,제조업
(주)정방엔지니어링,077935,2018,
(주)정보티브이,043624,2018/12,정보통신업
(주)정산실업,042144,2018,
(주)정산테크,090145,2018/12,제조업
(주)정상개발,052408,2018/12,부동산업
(주)정상북한산리조트,090635,2018/12,숙박 및 음식점업
(주)정석창고,060395,2018/12,운수 및 창고업
(주)정선,077780,2018/12,제조업
(주)정선골재,064319,2018/12,제조업
(주)정선레미콘,048688,2018/12,제조업
(주)정선물산,070654,2018/12,제조업
(주)정선산업,086146,2018/12,제조업
(주)정선해운,062094,2018,
(주)정성산업,077371,2018,
(주)정성푸드올,063885,2018,
(주)정송,085335,2018/12,부동산업
(주)정수이앤씨,081142,2018/12,제조업
(주)정신건설,063764,2018,
(주)정아마린,045904,2018/12,제조업
(주)정안네트웍스,090727,2018/12,도매 및 소매업
(주)정암씨엔에스,064160,2018,
(주)정암이앤씨,063998,2018,
(주)정암지앤더블유,090616,2018/12,제조업
(주)정어수개발,091096,2018/12,부동산업
(주)정연내장,073264,2018/12,제조업
(주)정왕주택,073722,2018,
(주)정우글로벌,067722,2018,
(주)정우몰드,066891,2018/12,제조업
(주)정우브레카,063738,2018/12,제조업
(주)정우산업,089459,2018/12,제조업
(주)정우산업,070923,2018/12,제조업
(주)정우에프앤비,070181,2018,
(주)정우엠코리아,026099,2018,
(주)정우이엔피,070690,2018,
(주)정우이엠씨,061638,2018/12,제조업
(주)정우이지텍,077522,2018/12,제조업
(주)정우주택,091050,2018/12,건설업
(주)정원디앤씨,089989,2018/12,부동산업
(주)정원아이앤씨,081239,2018,
(주)정원이엔지,080749,2018/12,제조업
(주)정원장례식장,077187,2018/12,"협회 및 단체, 수리 및 기타 개인 서비스업"
(주)정원주철,053783,2018/12,제조업
(주)정유개발,043853,2018,
(주)정읍솔라라이트,053815,2018/12,"전기, 가스, 증기 및 공기조절 공급업"
(주)정인아이앤씨,082335,2018/12,부동산업
(주)정인텍스타일,045412,2018/12,제조업
(주)정인티엔씨,070049,2018,
(주)정일엔지니어링종합건축사사무소,048913,2018,
(주)정정당당,064390,2018/12,숙박 및 음식점업
(주)정진공영,026116,2018,
(주)정진넥스텍,052997,2018/12,제조업
(주)정진뉴어반,076444,2018/12,부동산업
(주)정진정공,086136,2018/12,제조업
(주)정토지오텍,063968,2018,
(주)정한산업,067467,2018/12,도매 및 소매업
(주)정해철강,063814,2018,
(주)정현,078829,2018/12,"예술, 스포츠 및 여가관련 서비스업"
(주)정현텔레콤,070216,2018,
(주)정현프랜트,045319,2018/12,제조업
(주)정호이앤씨,051946,2018/12,건설업
(주)정호진니트,051394,2018/12,제조업
(주)정홍,090700,2018/12,부동산업
(주)정화선박의장,065066,2018/12,제조업
(주)정화식품상사,017299,2018/12,제조업
(주)정화테크,053083,2018/12,제조업
(주)정훈정보시스템,077828,2018/12,도매 및 소매업
(주)정희씨앤씨,063480,2018/12,건설업
(주)제너럴네트,086233,2018/12,제조업
(주)제너럴종합물류,066075,2018,
(주)제너럴켐,077376,2018/12,제조업
(주)제너렉스,062285,2018,
(주)제너시스,046295,2018/12,제조업
(주)제너시스비비큐,017303,2018/12,도매 및 소매업
(주)제네스원,058755,2018,
(주)제네스코,064380,2018,
(주)제네시스디벨롭먼트홀딩스,018067,2018/12,도매 및 소매업
(주)제네콘,045882,2018,
(주)제넥,085190,2018/12,제조업
(주)제노레이,057834,2018,
(주)제노스,065028,2018/12,제조업
(주)제노텍,028913,2018,
(주)제노포커스,067033,2018,
(주)제놀루션,068774,2018,
(주)제니스엠앤씨,087538,2018/12,도매 및 소매업
(주)제니스월드,056899,2018/12,제조업
(주)제니엘시스템,066352,2018/12,운수 및 창고업
(주)제니엘휴먼,080139,2018/12,"사업시설 관리, 사업 지원 및 임대 서비스업"
(주)제니퍼소프트,069459,2018/12,정보통신업
(주)제닉스,049581,2018,
(주)제다하네스,070036,2018/12,제조업
(주)제동레저,045127,2018/12,"예술, 스포츠 및 여가관련 서비스업"
(주)제때,018608,2018/12,운수 및 창고업
(주)제로웹,076036,2018/12,정보통신업
(주)제로쿨투어,061875,2018,
(주)제로투세븐,046611,2018,
(주)제로하이텍,052669,2018/12,도매 및 소매업
(주)제론,070610,2018/12,제조업
(주)제모피아쥬얼리,041132,2018,
(주)제모피아쥬얼리홀딩스,064270,2018/12,도매 및 소매업
(주)제물포금속,063444,2018/12,제조업
(주)제본,050546,2018/12,도매 및 소매업
(주)제성,068082,2018,
(주)제성,052488,2018/12,제조업
(주)제성코리아,061292,2018,
(주)제세엔지니어링,063243,2018,
(주)제스코,081372,2018/12,제조업
(주)제스텍,074593,2018/12,제조업
(주)제시앤코,047854,2018/12,제조업
(주)제씨콤,026136,2018/12,제조업
(주)제아에이치앤비,082729,2018/12,도매 및 소매업
(주)제양항공해운,062401,2018/12,운수 및 창고업
(주)제오빌더,017312,2018/12,제조업
(주)제온트레이딩,082108,2018/12,도매 및 소매업
(주)제우건설,078374,2018/12,건설업
(주)제우인터내셔날,087929,2018/12,도매 및 소매업
(주)제원기업,080552,2018/12,부동산업
(주)제원에셋홀딩스,073872,2018/12,부동산업
(주)제원인터내쇼날,029973,2018/12,도매 및 소매업
(주)제이.에이.씨,061959,2018/12,제조업
(주)제이더블유엘,058276,2018/12,부동산업
(주)제이더블유와이,081918,2018/12,부동산업
(주)제이더블유홀딩스,073047,2018/12,부동산업
(주)제이드컬쳐,067393,2018,
(주)제이디솔루션,076758,2018/12,제조업
(주)제이디씨,066861,2018,
(주)제이디에스,092238,2018/12,건설업
(주)제이디웍스,071133,2018/12,정보통신업
(주)제이디테크,046786,2018/12,제조업
(주)제이랜드코리아,080957,2018/12,제조업
(주)제이메탈,071178,2018/12,"수도, 하수 및 폐기물 처리, 원료 재생업"
(주)제이미크론,046451,2018/12,제조업
(주)제이솔루션,091794,2018/12,제조업
(주)제이스건설,071121,2018,
(주)제이슨앤컴퍼니,063029,2018/12,제조업
(주)제이시스메디칼,062994,2018/12,제조업
(주)제이씨,040996,2018/12,제조업
(주)제이씨물산,063102,2018/12,제조업
(주)제이씨산업개발,091607,2018/12,부동산업
(주)제이씨원,090045,2018/12,정보통신업
(주)제이씨패밀리,041599,2018/12,제조업
(주)제이씨헬스케어,064440,2018/12,도매 및 소매업
(주)제이아이디,077086,2018,
(주)제이아이디코퍼레이션,085551,2018/12,도매 및 소매업
(주)제이아이코리아,017348,2018/12,제조업
(주)제이아이티인터내셔널,091664,2018/12,도매 및 소매업
(주)제이아이피,051658,2018,
(주)제이아이홀딩스,089961,2018/12,건설업
(주)제이알글로벌제1호위탁관리부동산투자회사,071647,2018,
(주)제이알제11호위탁관리부동산투자회사,068333,2018,
(주)제이알제1호기업구조조정부동산투자회사,056263,2018,
(주)제이앤드제이글로벌,018444,2018/12,제조업
(주)제이앤비,073865,2018/12,부동산업
(주)제이앤비컨설팅,058594,2018/12,"사업시설 관리, 사업 지원 및 임대 서비스업"
(주)제이앤씨,080121,2018/12,제조업
(주)제이앤에이취프레스,063507,2018/12,제조업
(주)제이앤엘테크,058732,2018/12,제조업
(주)제이앤와이스타일,091318,2018/12,도매 및 소매업
(주)제이앤유글로벌,029992,2018,
(주)제이앤이,060804,2018/12,제조업
(주)제이앤제이아트컨벤션,077509,2018/12,"협회 및 단체, 수리 및 기타 개인 서비스업"
(주)제이앤제이인베스트먼트,040702,2018/12,"전문, 과학 및 기술 서비스업"
(주)제이앤지,067771,2018,
(주)제이앤지산,039774,2018/12,부동산업
(주)제이앤컴퍼니,011903,2018/12,제조업
(주)제이앤케이,069333,2018,
(주)제이앤케이인베스트,092421,2018/12,부동산업
(주)제이앤티씨,039586,2018/12,제조업
(주)제이앤티지,091162,2018/12,제조업
(주)제이앤푸드,083415,2018,
(주)제이앤피플러스,088093,2018/12,제조업
(주)제이앤피하우징랜드,082246,2018/12,부동산업
(주)제이에스글로벌,070505,2018/12,건설업
(주)제이에스디,078465,2018/12,부동산업
(주)제이에스리미티드,056842,2018/12,"예술, 스포츠 및 여가관련 서비스업"
(주)제이에스메디텍,069772,2018,
(주)제이에스비도시환경,061230,2018,
(주)제이에스산업개발,064721,2018,
(주)제이에스앤씨,067913,2018,
(주)제이에스엠,072609,2018/12,도매 및 소매업
(주)제이에스엠홀딩스,089428,2018/12,제조업
(주)제이에스영광솔라파크,091354,2018/12,"전기, 가스, 증기 및 공기조절 공급업"
(주)제이에스와이글로벌,089148,2018/12,제조업
(주)제이에스지,063400,2018/12,숙박 및 음식점업
(주)제이에스케이유더블유에이,085685,2018/12,제조업
(주)제이에스코리아,081298,2018/12,제조업
(주)제이에스코퍼레이션,018475,2018,
(주)제이에스테크,052545,2018/12,제조업
(주)제이에스테크,078933,2018/12,제조업
(주)제이에스티,062061,2018/12,도매 및 소매업
(주)제이에스티,072765,2018/12,제조업
(주)제이에스티,088690,2018/12,제조업
(주)제이에스티화성,089825,2018/12,제조업
(주)제이에스피브이,071066,2018/12,제조업
(주)제이에이에스,066302,2018,
(주)제이에이치글로벌,073983,2018/12,건설업
(주)제이에이치라이팅,088784,2018/12,도매 및 소매업
(주)제이에이치레전드호텔,017487,2018/09,숙박 및 음식점업
(주)제이에이치테크놀러지,078155,2018/12,제조업
(주)제이에이테크,069583,2018/12,제조업
(주)제이에프씨,048537,2018/12,제조업
(주)제이에프어패럴,071125,2018,
(주)제이에프인터내셔널,078080,2018,
(주)제이엔비,085712,2018/12,제조업
(주)제이엔씨대부,082157,2018/12,부동산업
(주)제이엔에스,047440,2018/12,제조업
(주)제이엔에이치파트너스,078270,2018/12,부동산업
(주)제이엔지,088063,2018/12,부동산업
(주)제이엔지코리아,058234,2018/12,제조업
(주)제이엔케이테크,081795,2018/12,제조업
(주)제이엔케이티,070064,2018/12,제조업
(주)제이엔테크,087256,2018/12,건설업
(주)제이엔피홀딩스,076647,2018,
(주)제이엘모터스,089521,2018/12,도매 및 소매업
(주)제이엘케이홀딩스,085065,2018/12,부동산업
(주)제이엘텍코퍼레이션,077195,2018/12,제조업
(주)제이엘피코퍼레이션,066547,2018,
(주)제이엠더블유인터내셔날,069371,2018/12,도매 및 소매업
(주)제이엠디벨럽먼트,056756,2018,
(주)제이엠멀티,089663,2018/12,제조업
(주)제이엠신소재,069954,2018,
(주)제이엠씨,010967,2018/12,제조업
(주)제이엠씨글라스,064295,2018,
(주)제이엠씨코퍼레이션,091423,2018/12,"협회 및 단체, 수리 및 기타 개인 서비스업"
(주)제이엠월드,087284,2018/12,도매 및 소매업
(주)제이엠지텍,077208,2018/12,"전문, 과학 및 기술 서비스업"
(주)제이엠케이,086709,2018/12,제조업
(주)제이엠큐앤테크,073809,2018/12,제조업
(주)제이엠테크,067095,2018,
(주)제이엠텍,085944,2018/12,건설업
(주)제이엠피,048467,2018/12,제조업
(주)제이오에이치,081516,2018,
(주)제이오텍,029856,2018/12,제조업
(주)제이와이요트,070844,2018/12,제조업
(주)제이와이이도,078062,2018/12,부동산업
(주)제이와이티,077511,2018,
(주)제이와이피,043252,2018,
(주)제이원건설,080955,2018/12,도매 및 소매업
(주)제이원와이드,088529,2018/12,"전문, 과학 및 기술 서비스업"
(주)제이월드텍,087594,2018/12,제조업
(주)제이이엔지,092213,2018/12,제조업
(주)제이이엠티,073319,2018/12,제조업
(주)제이제이다다플러스,089959,2018/12,부동산업
(주)제이제이모터스,067023,2018,
(주)제이제이씨앤씨,082120,2018/12,건설업
(주)제이제이테크,074010,2018/12,제조업
(주)제이제이홀딩스,077776,2018/12,부동산업
(주)제이케이,062182,2018/12,도매 및 소매업
(주)제이케이건설,087969,2018/12,부동산업
(주)제이케이씨도시개발,077337,2018,
(주)제이케이에스테이트,077222,2018/12,부동산업
(주)제이케이인터내셔날,082704,2018/12,도매 및 소매업
(주)제이케이중공업,073547,2018/12,제조업
(주)제이케이컴퍼니,088604,2018/12,제조업
(주)제이케이케이인베스트먼트,047959,2018/12,제조업
(주)제이케이텍,077485,2018/12,제조업
(주)제이케이필름,061880,2018,
(주)제이콘,085144,2018/12,건설업
(주)제이콥씨앤이,069543,2018/12,건설업
(주)제이크리에이션,069370,2018/12,제조업
(주)제이타워,064875,2018,
(주)제이테크,057789,2018/12,제조업
(주)제이테크놀러지,011851,2018,
(주)제이테크놀로지,067727,2018/12,도매 및 소매업
(주)제이텍,070424,2018/12,제조업
(주)제이텍,063579,2018/12,제조업
(주)제이투디인터내셔널,076883,2018,
(주)제이투산업,067794,2018,
(주)제이투인터렉티브,078674,2018,
(주)제이티,061135,2018/12,도매 및 소매업
(주)제이티넷,019492,2018/12,정보통신업
(주)제이티제이파트너스,090984,2018/12,"전문, 과학 및 기술 서비스업"
(주)제이티케이,085525,2018/12,제조업
(주)제이프러스씨엠,070274,2018,
(주)제이피씨,039306,2018,
(주)제이피앤씨,058247,2018/12,도매 및 소매업
(주)제이피앤케이,082361,2018/12,부동산업
(주)제이피어반디,062277,2018/12,부동산업
(주)제이피홀딩스피에프브이,061573,2018/12,부동산업
(주)제인,086106,2018/12,"예술, 스포츠 및 여가관련 서비스업"
(주)제인팅,058416,2018,
(주)제일,085937,2018/12,부동산업
(주)제일,074314,2018/12,제조업
(주)제일가주상사,081754,2018/12,부동산업
(주)제일감정평가법인,040950,2018/12,부동산업
(주)제일금속,073048,2018,
(주)제일금속,050567,2018/12,제조업
(주)제일기건,090481,2018/12,건설업
(주)제일기연,058868,2018,
(주)제일도기,018481,2018,
(주)제일라미텍,090055,2018/12,제조업
(주)제일레이저,058475,2018/12,제조업
(주)제일로닉,048450,2018,
(주)제일로지텍,074384,2018,
(주)제일메디칼코퍼레이션,048808,2018/12,제조업
(주)제일벽지,053222,2018/12,제조업
(주)제일비엠시,059824,2018,
(주)제일선재,090293,2018/12,제조업
(주)제일스파이럴,064706,2018/12,제조업
(주)제일씨앤씨,092395,2018/12,제조업
(주)제일아쿠아,060944,2018/12,제조업
(주)제일엔지니어링종합건축사사무소,018487,2018/12,"전문, 과학 및 기술 서비스업"
(주)제일엠아이,070642,2018/12,도매 및 소매업
(주)제일엠앤에스,043039,2018/12,제조업
(주)제일위생,061652,2018/12,제조업
(주)제일이앤엠,047467,2018,
(주)제일이엔지,062387,2018,
(주)제일정공,048872,2018/12,제조업
(주)제일제약,058832,2018,
(주)제일종축농업회사법인,018489,2018,
(주)제일참,074511,2018/12,제조업
(주)제일코리아엔지니어링,048704,2018,
(주)제일코비,067951,2018,
(주)제일크레인,073752,2018/12,건설업
(주)제일토건,046185,2018,
(주)제일풍경채,017327,2018/12,건설업
(주)제일플랜트,082787,2018/12,제조업
(주)제일하이텍,082928,2018/12,제조업
(주)제일화성,058774,2018/12,제조업
(주)제주감귤태양광,092334,2018/12,제조업
(주)제주개발,080463,2018/12,부동산업
(주)제주도시가스,047241,2018/12,"전기, 가스, 증기 및 공기조절 공급업"
(주)제주레미콘,087553,2018/12,제조업
(주)제주로지스틱스,090453,2018/12,운수 및 창고업
(주)제주매일,085127,2018/12,정보통신업
(주)제주소주,071327,2018/12,제조업
(주)제주지오영,064297,2018/12,도매 및 소매업
(주)제주테마조각공원,065078,2018/12,"예술, 스포츠 및 여가관련 서비스업"
(주)제주항공,043499,2018,
(주)제주해양과학관,060569,2018/12,"예술, 스포츠 및 여가관련 서비스업"
(주)제주향,090385,2018/12,부동산업
(주)제주힐C.C,063135,2018,
(주)제키스,083439,2018/12,제조업
(주)제테마,082107,2018/12,제조업
(주)제트에이치티,052045,2018/12,제조업
(주)제트에프삭스코리아,029468,2018/12,제조업
(주)젠아이제일학원,054071,2018,
(주)젠아이학원,054072,2018,
(주)젠큐릭스,069676,2018,
(주)젠터스,088018,2018/12,제조업
(주)젠텍엔지니어링,076524,2018/12,"전문, 과학 및 기술 서비스업"
(주)젠푸드,047361,2018/12,제조업
(주)젤텍,017369,2018/12,제조업
(주)젬,076585,2018/12,제조업
(주)젬스메디컬,029095,2018/12,제조업
(주)젬앤컴퍼니,057604,2018/06,"전문, 과학 및 기술 서비스업"
(주)젬텍,085689,2018/12,제조업
(주)젬텍,065944,2018/12,제조업
(주)젬텍,048353,2018/12,제조업
(주)져스텍,046698,2018/12,제조업
(주)조광,042950,2018,
(주)조광,018497,2018/12,부동산업
(주)조광산업,070681,2018/12,부동산업
(주)조광식품,081932,2018/12,제조업
(주)조군,086364,2018/12,도매 및 소매업
(주)조선내화이엔지,062898,2018/12,건설업
(주)조선뉴스프레스,069455,2018/12,정보통신업
(주)조선비즈,069557,2018/12,정보통신업
(주)조선일보사,026204,2018/12,정보통신업
(주)조선호텔앤리조트,010040,2018/12,숙박 및 음식점업
(주)조아,086451,2018/12,도매 및 소매업
(주)조아물산,076075,2018/12,도매 및 소매업
(주)조아스전자,066269,2018,
(주)조앤선즈,085251,2018/12,제조업
(주)조야,081005,2018/12,제조업
(주)조양,059657,2018/12,운수 및 창고업
(주)조양건설산업,074201,2018/12,부동산업
(주)조와텍,069573,2018/12,부동산업
(주)조원그린,045061,2018/12,부동산업
(주)조원에프앤아이,076976,2018/12,부동산업
(주)조은글라스,059525,2018/12,제조업
(주)조은나라,064652,2018,
(주)조은빌,060969,2018,
(주)조은생약,082420,2018/12,도매 및 소매업
(주)조은세이프,052770,2018/12,"사업시설 관리, 사업 지원 및 임대 서비스업"
(주)조은수산,078435,2018/12,제조업
(주)조은시스템,021261,2018/12,"사업시설 관리, 사업 지원 및 임대 서비스업"
(주)조은아이건설,083109,2018/12,건설업
(주)조은약품,062280,2018,
(주)조은원대밸브,076199,2018/12,제조업
(주)조은테크,074471,2018/12,제조업
(주)조은홀딩스,090585,2018/12,부동산업
(주)조이테크,041012,2018/12,제조업
(주)조이포라이프,076306,2018/12,"전문, 과학 및 기술 서비스업"
(주)조이푸드,074213,2018/12,제조업
(주)조이후드코리아,054200,2018,
(주)조인,077480,2018,
(주)조인디앤아이,089298,2018/12,부동산업
(주)조인솔루션,074115,2018/12,제조업
(주)조인씨앰,058524,2018/12,부동산업
(주)조인테크놀러지,089001,2018/12,제조업
(주)조일,078336,2018,
(주)조일,090166,2018/12,제조업
(주)조일이씨에스,042137,2018/12,건설업
(주)조풍건설,079611,2018/09,건설업
(주)조향메탈,081446,2018,
(주)조형기술개발,087424,2018/12,건설업
(주)조형스틸구조,086931,2018/12,제조업
(주)조흥,052722,2018/12,제조업
(주)종로자산관리,076602,2018/12,부동산업
(주)종로크라운,067104,2018/12,숙박 및 음식점업
(주)종우실업,042520,2018/12,제조업
(주)종이나라,017402,2018/12,제조업
(주)종인이앤씨,061921,2018,
(주)종하이앤씨,063846,2018/12,도매 및 소매업
(주)종합건축사사무소건원,026232,2018/12,"전문, 과학 및 기술 서비스업"
(주)종합건축사사무소근정,081462,2018/12,"전문, 과학 및 기술 서비스업"
(주)종합건축사사무소이공,059099,2018,
(주)종합기계,051120,2018/12,제조업
(주)종합예선서비스,084618,2018/12,운수 및 창고업
(주)종합정밀,045017,2018/12,제조업
(주)종합폴스타,075745,2018/12,제조업
(주)종합해사,018504,2018/12,제조업
(주)좋은공간,092029,2018/12,건설업
(주)좋은날,087768,2018/12,건설업
(주)좋은산업개발,064106,2018,
(주)좋은책신사고,038643,2018/12,정보통신업
(주)주강로보테크,066931,2018/12,제조업
(주)주노콜렉션,072748,2018,
(주)주목,090959,2018/12,"공공 행정, 국방 및 사회보장 행정"
(주)주문진규사,090376,2018/12,제조업
(주)주복,075843,2018/12,도매 및 소매업
(주)주산산업개발,081498,2018/12,부동산업
인슐레이션코리아주식회사,087633,2018/12,제조업
인스콘테크주식회사,044566,2018,
인스피언주식회사,085100,2018/12,정보통신업
인아건설(주),050207,2018,
인아산업(주),057331,2018,
인알파코리아(주),029470,2018/12,제조업
인정건설주식회사,017117,2018,
인제개발주식회사,017118,2018/12,부동산업
인제통일빌리지주식회사,060538,2018/12,건설업
인주이앤이(주),030020,2018/12,"사업시설 관리, 사업 지원 및 임대 서비스업"
인준에너지주식회사,076640,2018/12,부동산업
인지솔라주식회사,087600,2018/12,"전기, 가스, 증기 및 공기조절 공급업"
인지에이엠티주식회사,042846,2018/12,제조업
인지에이원(주),028731,2018/12,제조업
인진,092764,2018/12,"전기, 가스, 증기 및 공기조절 공급업"
인진건설주식회사,083515,2018/12,부동산업
인창개발(주),077570,2018/12,건설업
인창건설,040288,2018,
인창기건주식회사,049517,2018/12,건설업
인창문정(주),071165,2018/12,건설업
인창전자주식회사,017120,2018/12,제조업
인천공항에너지(주),010086,2018/12,"전기, 가스, 증기 및 공기조절 공급업"
인천공항외항사터미널(주),021220,2018,
인천교육발전주식회사,048363,2018/12,건설업
인천교육사랑주식회사,048271,2018/12,건설업
인천국제물류센터주식회사,045066,2018/12,운수 및 창고업
인천글로벌캠퍼스주식회사,059501,2018,
인천김포고속도로(주),052146,2018/12,건설업
인천남부에스엠씨(주),061694,2018/12,건설업
인천내항부두운영주식회사,088568,2018/12,운수 및 창고업
인천대교(주),041675,2018/12,운수 및 창고업
인천도시공사,057988,2018,
인천도시관광(주),080332,2018/12,"예술, 스포츠 및 여가관련 서비스업"
인천레미콘주식회사,017123,2018/12,제조업
인천보람교육(주),063554,2018/12,"사업시설 관리, 사업 지원 및 임대 서비스업"
인천북항벌크터미널주식회사,051734,2018/12,건설업
인천북항부두운영(주),045937,2018/12,운수 및 창고업
인천북항운영(주),066045,2018/12,운수 및 창고업
인천상공강화산단(주),067980,2018/12,부동산업
인천선진교통(주),081565,2018/12,운수 및 창고업
인천스마트시티(주),062644,2018,
인천스마트카드주식회사,059242,2018/12,금융 및 보험업
인천식품단지개발주식회사,087118,2018/12,부동산업
인천아트센터(주),056688,2018/12,부동산업
인천에듀맥주식회사,051593,2018/12,건설업
인천에듀피아(주),051275,2018/12,부동산업
인천예선주식회사,087271,2018/12,운수 및 창고업
인천종합에너지(주),044050,2018/12,"전기, 가스, 증기 및 공기조절 공급업"
인천지식정보센터주식회사,056709,2018/12,부동산업
인천컨테이너터미널(주),038627,2018/12,운수 및 창고업
인천콜드프라자주식회사,051160,2018/12,운수 및 창고업
인천학교사랑(주),061307,2018/12,건설업
인천항공화물터미널(주),017126,2018,
인천화학주식회사,017127,2018/12,제조업
인카금융서비스(주),070518,2018,
인크레스코주식회사,039737,2018,
인크로스주식회사,058860,2018,
인크루트알바콜주식회사,082602,2018/12,정보통신업
인터그래프코리아주식회사,025929,2018/12,제조업
인터바스주식회사,090279,2018/12,도매 및 소매업
인터불고컨트리클럽(주),043398,2018/12,건설업
인터상선주식회사,060836,2018,
인터씨티개발투자(주),046564,2018,
인터씨티산업개발(주),061369,2018/12,부동산업
인터아이코리아(주),041383,2018/12,정보통신업
인터지스신항센터(주),057854,2018,
인터지스중앙부두주식회사,017771,2018,
인터코리아맨파워시스템(주),058955,2018/12,"사업시설 관리, 사업 지원 및 임대 서비스업"
인터콘시스템스(주),091264,2018/12,제조업
인터테크(주),066048,2018/12,제조업
인터텍이티엘셈코(주),082194,2018/12,"전문, 과학 및 기술 서비스업"
인터피온반도체,044791,2018,
인터해운주식회사,039067,2018/12,운수 및 창고업
인테그리스코리아(주),014670,2018,
인테그리스코리아주식회사,030008,2018,
인텍전기전자(주),029655,2018/12,제조업
인텍전자(주),047072,2018,
인텔렉추얼디스커버리(주),063130,2018/12,"전문, 과학 및 기술 서비스업"
인텔릭스(주),080186,2018/12,제조업
인텔철강주식회사,043069,2018/12,제조업
인텔코리아주식회사,017146,2018/12,도매 및 소매업
인투산업개발주식회사,083265,2018/12,부동산업
인트라시티,089381,2018/12,도매 및 소매업
인트란스해운(주),088728,2018/12,운수 및 창고업
인트로맨(주),089591,2018/12,"사업시설 관리, 사업 지원 및 임대 서비스업"
인파스텍코리아(주),069847,2018/12,도매 및 소매업
인파시홀딩스,043448,2018,
인팩글로벌주식회사,077206,2018/12,제조업
인팩이피엠주식회사,066320,2018/12,제조업
인팩일렉스(주),056278,2018/12,제조업
인팩혼시스템주식회사,015548,2018/12,제조업
인포트러스트(주),046398,2018/12,정보통신업
인피니개발(주),073594,2018/12,부동산업
인피니개발산업(주),073598,2018/12,부동산업
인피니움인베스트먼트주식회사,023605,2018/12,건설업
인피니티에너지주식회사,091800,2018/12,제조업
인피니플러스(주),090990,2018/12,부동산업
인피쎄스해운(주),060548,2018/12,운수 및 창고업
인피콘(주),062942,2018/12,도매 및 소매업
인하대역개발프로젝트주식회사,088098,2018/12,부동산업
인하창고(주),028554,2018/12,운수 및 창고업
인하테크,060001,2018/12,제조업
인합물산(주),058347,2018/12,부동산업
인홍상사주식회사,046928,2018/12,도매 및 소매업
인화대업개발(주),074445,2018,
일간스포츠주식회사,057939,2018,
일경산업개발(주),015211,2018,
일광개발(주),040618,2018/12,"예술, 스포츠 및 여가관련 서비스업"
일광건설주식회사,073912,2018/12,건설업
일광공구공업주식회사,017148,2018/12,제조업
일광레저개발주식회사,064009,2018/12,"예술, 스포츠 및 여가관련 서비스업"
일광여객자동차(주),080431,2018/12,운수 및 창고업
일광잉크페인트(주),046868,2018/12,제조업
일도에프엔씨(주),069761,2018/12,제조업
일동금속공업주식회사,065021,2018,
일동바이오사이언스(주),076162,2018/12,제조업
일동생활건강(주),069097,2018,
일동케미칼(주),070320,2018,
일동토건(주),085530,2018/12,건설업
일동후디스(주),017155,2018/12,제조업
일동히알테크(주),076163,2018/12,제조업
일등라이스주식회사,061515,2018/12,도매 및 소매업
일레덱스주식회사,051132,2018,
일레덱스홀딩스(주),065196,2018/12,도매 및 소매업
일렉트로룩스코리아,053120,2018/12,도매 및 소매업
일륭기공(주),040919,2018/12,제조업
일리아스바이오로직스,089245,2018/12,"전문, 과학 및 기술 서비스업"
일림나노텍주식회사,041035,2018/12,제조업
일본전기초자한국주식회사,040745,2018/12,제조업
일산건설,029178,2018,
일산관광(주),045589,2018/12,부동산업
일산대교주식회사,040617,2018/12,운수 및 창고업
일산에듀피아(주),048125,2018/12,건설업
일산종합건설주식회사,038798,2018/12,건설업
일석정밀주식회사,047037,2018,
일성기계공업주식회사,017163,2018/12,제조업
일성레저산업(주),017164,2018/12,숙박 및 음식점업
일성에이티주식회사,064017,2018,
일성합판주식회사,041976,2018/12,제조업
일성화학공업(주),064997,2018,
일송개발(주),016670,2018/12,"예술, 스포츠 및 여가관련 서비스업"
일승디앤씨(주),078201,2018,
일신강산주식회사,063647,2018,
일신건영(주),017166,2018/12,건설업
일신공영(주),074387,2018,
일신그린철강주식회사,085030,2018/12,도매 및 소매업
일신금속공업(주),047487,2018,
일신기연주식회사,073271,2018/12,제조업
일신네오주식회사,090321,2018/12,제조업
일신로지스틱스주식회사,057267,2018/12,운수 및 창고업
일신산업주식회사,017170,2018/12,제조업
일신상선주식회사,062009,2018/12,운수 및 창고업
일신실업(주),059202,2018/12,제조업
일신에프에이주식회사,063515,2018,
일신이엔씨(주),070537,2018/12,제조업
일신자원(주),052324,2018/12,제조업
일신전자주식회사,069472,2018/12,제조업
일신카본(주),068998,2018/12,제조업
일신케미칼주식회사,088735,2018/12,제조업
일신태광금속주식회사,017175,2018/12,제조업
일신터치주식회사,082867,2018,
일신프라스틱(주),077781,2018/12,제조업
일신하이텍주식회사,049845,2018/12,제조업
일신하이폴리(주),017180,2018/12,제조업
일신해운물류주식회사,061711,2018/12,운수 및 창고업
일신해운주식회사,017179,2018/12,운수 및 창고업
일심알맥스(주),017182,2018/12,제조업
일야씨에스주식회사,047423,2018/12,제조업
일양바이오팜(주),059401,2018,
일양이엔씨주식회사,059617,2018,
일양화학주식회사,017184,2018/12,제조업
일오삼도시개발주식회사,087112,2018/12,부동산업
일오삼스틸(주),073609,2018,
일우건설주식회사,056694,2018,
일우건설주식회사,081946,2018/12,건설업
일우공영주식회사,061978,2018/12,건설업
일우산업(주),065054,2018,
일우씨앤피,070354,2018,
일우종합건설주식회사,017185,2018/12,건설업
일우철강(주),082703,2018,
일우토건주식회사,083428,2018/12,건설업
일조투자디앤씨(주),053073,2018,
일주건설주식회사,030296,2018/12,건설업
일죽레져주식회사,059590,2018/12,부동산업
일중기업주식회사,052830,2018,
일진건설주식회사,067196,2018/12,건설업
일진금속공업주식회사,017191,2018/12,제조업
일진기계(주),087901,2018/12,제조업
일진기계주식회사,017192,2018/12,제조업
일진기업(주),041223,2018/12,제조업
일진기업주식회사,075971,2018/12,제조업
일진기업주식회사,061277,2018/12,운수 및 창고업
일진단조공업(주),090135,2018/12,제조업
일진디앤코주식회사,053147,2018/12,부동산업
일진라이프사이언스(유),070495,2018,
일진레미콘(주),075972,2018/12,제조업
일진레져주식회사,073290,2018/12,"예술, 스포츠 및 여가관련 서비스업"
일진반도체(주),058161,2018/12,제조업
일진부직포산업(주),066031,2018/12,제조업
일진산업(주),077548,2018,
일진실업주식회사,017198,2018/12,부동산업
일진씨투씨주식회사,040488,2018/12,정보통신업
일진알텍(주),059539,2018/12,제조업
일진에쓰앤에쓰(주),082062,2018,
일진에이테크(주),017199,2018/12,제조업
일진엘이디주식회사,064328,2018,
일진엠티에스(주),041556,2018/12,제조업
일진열기주식회사,080242,2018/12,제조업
일진유니스코,010417,2018/12,건설업
일진자동차(주),042933,2018/12,부동산업
일진제강(주),017190,2018/12,제조업
일진종합건설주식회사,069275,2018/12,건설업
일진종합전설(주),062171,2018/12,건설업
일진파트너스유한책임회사,017193,2018,
일진하이솔루스주식회사,067191,2018/12,제조업
일진호이스트크레인,090300,2018/12,제조업
일현케이블(주),090627,2018/12,제조업
일호종합건설(주),017206,2018/12,건설업
일호주택(주),077748,2018/12,부동산업
일홍염직주식회사,087127,2018/12,제조업
일화공업주식회사,071323,2018,
일화스텐레스주식회사,046030,2018/12,제조업
일화종합건설(주),067832,2018/12,건설업
일흥산업개발주식회사,065818,2018,
일흥실업주식회사,017210,2018/12,부동산업
일흥자동기계(주),077950,2018/12,제조업
일흥합성공업,046156,2018/12,제조업
임계무역주식회사,043609,2018,
임계솔라파크주식회사,091602,2018/12,"전기, 가스, 증기 및 공기조절 공급업"
임고개발주식회사,069028,2018/12,"예술, 스포츠 및 여가관련 서비스업"
임광개발주식회사,056283,2018/12,"예술, 스포츠 및 여가관련 서비스업"
임영주식회사,078609,2018,
입생로랑코리아주식회사,067242,2018/12,도매 및 소매업
입센코리아(주),040615,2018,
입시화학주식회사,045849,2018/12,제조업
잇츠유어스(주),064492,2018/12,도매 및 소매업
잉가솔랜드코리아주식회사,040728,2018/12,도매 및 소매업
잉글우드랩(주),075152,2018,
자강산업주식회사,026014,2018/12,제조업
자경케미칼(주),043606,2018/12,제조업
자광건설,072536,2018/12,건설업
자안그룹주식회사,068923,2018/12,도매 및 소매업
자안바이오주식회사,040845,2018,
자연개발주식회사,090880,2018/12,부동산업
자연애벗(주),076746,2018/12,제조업
자오무역(주),017217,2018/12,제조업
자이글(주),069268,2018,
자이서비스(주),054373,2018,
자이언트스트롱(주),057115,2018/12,"전문, 과학 및 기술 서비스업"
자이에너지운영주식회사,054972,2018/12,"사업시설 관리, 사업 지원 및 임대 서비스업"
자이에스앤디(주),017072,2018/12,부동산업
자이온씨앤지주식회사,056611,2018,
자인관광주식회사,017221,2018/12,"예술, 스포츠 및 여가관련 서비스업"
자일개발(주),076707,2018/12,부동산업
자일대우버스(주),048321,2018/12,제조업
자일대우버스주식회사,038782,2018,
자일럼워터솔루션코리아(주),061748,2018/12,제조업
자일자동차(주),060727,2018/12,도매 및 소매업
자자호텔(주),070850,2018,
자트코코리아엔지니어링(주),045422,2018/12,"전문, 과학 및 기술 서비스업"
잘만정공(주),069599,2018/12,제조업
잘만테크(주),041837,2018/12,제조업
잠실프로젝트금융투자주식회사,058940,2018,
잠실향군피에프브이주식회사,066481,2018,
장교프로젝트금융투자(주),067323,2018,
장금마리타임주식회사,056331,2018/12,운수 및 창고업
장금상선(주),021234,2018/12,운수 및 창고업
장덕개발주식회사,050144,2018/12,건설업
장락개발주식회사,056996,2018/12,건설업
장미고무공업사(주),074077,2018/12,제조업
장사도해상공원주식회사,065147,2018/12,"예술, 스포츠 및 여가관련 서비스업"
장수돌침대(주),063997,2018,
장수레저주식회사,052391,2018/12,"예술, 스포츠 및 여가관련 서비스업"
장수에스엔피주식회사,061913,2018/12,도매 및 소매업
장수철강피씨산업(주),041020,2018/12,도매 및 소매업
장안동산개발(주),082331,2018,
장암칼스주식회사,017225,2018/12,제조업
장우기계(주),039951,2018/12,제조업
장원건설주식회사,049988,2018,
장원산업(주),070598,2018,
장원종합건설(주),017229,2018/12,건설업
장위종합건설(주),069284,2018/12,건설업
장유종합건설(주),083468,2018/12,건설업
장은개발주식회사,077627,2018,
장은건설주식회사,030176,2018,
장은실업주식회사,026034,2018/12,부동산업
장인가구(주),026037,2018/12,제조업
장인열처리(주),051443,2018/12,제조업
장자도어업그룹한국주식회사,066470,2018/12,도매 및 소매업
장학건설(주),039985,2018/12,건설업
장한기술(주),017232,2018/12,제조업
장흥친환경(주),058605,2018/12,"사업시설 관리, 사업 지원 및 임대 서비스업"
재경산업주식회사,081138,2018/12,부동산업
재경전광산업(주),054492,2018,
재능홀딩스,075952,2018/12,"전문, 과학 및 기술 서비스업"
재덕종합건설(주),078632,2018/12,부동산업
재성산업주식회사,038732,2018,
재성철강,088044,2018/12,도매 및 소매업
재영산업(주),073429,2018/12,건설업
재영아이텍,090955,2018/12,제조업
재영텀불러주식회사,066942,2018/12,건설업
재원산업주식회사,017236,2018/12,제조업
재원인터네셔날(주),087136,2018/12,도매 및 소매업
재전건설(주),081016,2018,
재현건설산업(주),067005,2018/12,건설업
재현산업(주),048470,2018,
재활뉴스주식회사,081690,2018/12,부동산업
저스트알주식회사,059376,2018/12,부동산업
저스틴비디앤엘,052793,2018,
적수물산(주),078412,2018/12,제조업
전광영스튜디오주식회사,088789,2018/12,"예술, 스포츠 및 여가관련 서비스업"
전기초자코리아주식회사,065843,2018/12,제조업
전남개발공사,057958,2018,
전남도시가스(주),010249,2018/12,"전기, 가스, 증기 및 공기조절 공급업"
전남서부교육시설주식회사,048303,2018/12,부동산업
전남솔라주식회사,072461,2018/12,"전기, 가스, 증기 및 공기조절 공급업"
전남참교육,050150,2018/12,부동산업
전남친환경농수축산물유통(주),066577,2018/12,부동산업
전농배움터지킴이(주),058819,2018/12,건설업
전라선철도(주),051249,2018/12,건설업
전방텍스타일주식회사,017241,2018/12,제조업
전보산업주식회사,086243,2018/12,제조업
전북개발공사,058106,2018,
전북교육나눔터주식회사,052281,2018/12,"사업시설 관리, 사업 지원 및 임대 서비스업"
전북김제학교사랑(주),058391,2018/12,"사업시설 관리, 사업 지원 및 임대 서비스업"
전북꿈나눔터주식회사,057298,2018/12,"사업시설 관리, 사업 지원 및 임대 서비스업"
전북도시가스(주),017244,2018/12,"전기, 가스, 증기 및 공기조절 공급업"
전북서부학교관리(주),051317,2018/12,"사업시설 관리, 사업 지원 및 임대 서비스업"
전북에너지서비스(주),017099,2018/12,"전기, 가스, 증기 및 공기조절 공급업"
전북에코에듀(주),081826,2018/12,부동산업
전북제일학사(주),053882,2018/12,"사업시설 관리, 사업 지원 및 임대 서비스업"
전북집단에너지주식회사,069915,2018/12,"전기, 가스, 증기 및 공기조절 공급업"
전앤코(주),071356,2018/12,숙박 및 음식점업
전영건설주식회사,082442,2018/12,건설업
전영화전주식회사,088759,2018/12,제조업
전오개발(주),090788,2018/12,건설업
전원산업개발주식회사,090888,2018/12,도매 및 소매업
전원산업주식회사,010038,2018/12,숙박 및 음식점업
전일기계공업(주),058998,2018,
전주개발주식회사,043820,2018,
전주리싸이클링에너지(주),075958,2018/12,"수도, 하수 및 폐기물 처리, 원료 재생업"
전주문화방송(주),017257,2018/12,정보통신업
전주아랫물길주식회사,051257,2018/12,"수도, 하수 및 폐기물 처리, 원료 재생업"
전주청과물(주),088082,2018/12,도매 및 소매업
전주코아호텔,018458,2018,
전진건설로봇주식회사,017259,2018/12,제조업
전진바이오팜(주),052166,2018,
전진산업주식회사,085927,2018/12,제조업
정관도서관운영(주),077244,2018/12,부동산업
정관배움터(주),066321,2018/12,부동산업
정관온천주식회사,063996,2018,
정광주식회사,084655,2018/12,건설업
정광피엔아이주식회사,048697,2018/12,부동산업
정기산업주식회사,062954,2018/12,부동산업
정남진골프리조트주식회사,061860,2018/12,"예술, 스포츠 및 여가관련 서비스업"
정도건설주식회사,010892,2018/12,건설업
정도산업(주),076276,2018/12,제조업
정도산업주식회사,056758,2018/12,제조업
정도산업주식회사,069957,2018/12,제조업
정도산업주식회사,073728,2018/12,제조업
정도이앤피(주),017266,2018/12,제조업
정도인터내셔널주식회사,085555,2018/12,부동산업
정도진흥기업주식회사,010547,2018/12,부동산업
정도테크주식회사,069592,2018,
정동종합철강(주),062311,2018,
정림개발주식회사,017267,2018/12,숙박 및 음식점업
정림전자주식회사,053731,2018/12,도매 및 소매업
정림철강(주),059605,2018/12,제조업
정명산업주식회사,077010,2018/12,제조업
정민금속(주),072892,2018/12,제조업
정방고무,082437,2018/12,제조업
정보와기술(주),081354,2018/12,정보통신업
정부개발주식회사,056520,2018,
정산개발주식회사,029771,2018/12,"예술, 스포츠 및 여가관련 서비스업"
정산철강주식회사,045855,2018,
정산컴퍼니주식회사,056463,2018/12,부동산업
정상기업(주),086155,2018/12,건설업
정상종합건설(주),091614,2018/12,건설업
정상종합건설(주),041911,2018/12,건설업
정상플래닛,080606,2018/12,부동산업
정석개발(주),048562,2018,
정석기업주식회사,017275,2018/12,부동산업
정수유통(주),038958,2018/12,부동산업
정심푸드,077581,2018,
정아산업주식회사,017276,2018,
정아정밀주식회사,063677,2018/12,제조업
정안건설(주),029837,2018/12,부동산업
정안건설(주),064370,2018/12,건설업
정안교통주식회사,087176,2018/12,운수 및 창고업
정안전기(주),081722,2018/12,건설업
정안철강(주),017277,2018/12,제조업
정안하이튜브(주),023007,2018,
정암레미콘주식회사,086351,2018/12,제조업
정암산업주식회사,017279,2018/12,제조업
정암풍력발전주식회사,080852,2018/12,"전기, 가스, 증기 및 공기조절 공급업"
정앤준주식회사,041775,2018,
정양산업주식회사,026097,2018/12,"농업, 임업 및 어업"
정연빌리지(주),091814,2018/12,부동산업
정오개발주식회사,052514,2018/12,부동산업
정오교통(주),065139,2018,
정우개발(주),046760,2018/12,건설업
정우금속(주),091881,2018/12,제조업
정우금속공업(주),017281,2018/12,제조업
정우라이팅(주),063637,2018,
정우산기주식회사,017282,2018/12,제조업
정우상운주식회사,086701,2018/12,운수 및 창고업
정우신약주식회사,059378,2018/12,제조업
정우에이치앤디(주),053967,2018/12,건설업
정우전기주식회사,080950,2018/12,제조업
정우정공주식회사,061619,2018/12,제조업
정우종합건설주식회사,091601,2018/12,건설업
정우통상(주),081533,2018/12,도매 및 소매업
정우화인주식회사,053393,2018/12,제조업
정운이엔에이주식회사,081621,2018,
정웅건설주식회사,053372,2018,
정원개발주식회사,082502,2018/12,부동산업
정원금속(주),052265,2018/12,제조업
정원기계(주),082624,2018/12,제조업
정원산업주식회사,066827,2018/12,제조업
정원속궁전주식회사,042095,2018,
정읍하수관거주식회사,056622,2018/12,"수도, 하수 및 폐기물 처리, 원료 재생업"
정의개발주식회사,026112,2018,
정의산업(주),081959,2018/12,제조업
정인개발(주),070015,2018,
정인개발주식회사,059847,2018,
정인스틸주식회사,074046,2018/12,도매 및 소매업
정인종합건설주식회사,080932,2018,
정인철강주식회사,070937,2018/12,제조업
정일글로벌주식회사,068952,2018/12,운수 및 창고업
정일금형정공(주),077716,2018/12,제조업
정일산업(주),058920,2018/12,제조업
정일산업(주),069322,2018/12,"수도, 하수 및 폐기물 처리, 원료 재생업"
정일산업주식회사,017113,2018/12,"농업, 임업 및 어업"
정일울산컨테이너터미널주식회사,026113,2018/12,운수 및 창고업
정재개발(주),065019,2018,
정진종합건설주식회사,087878,2018/12,건설업
정토개발(주),089653,2018/12,건설업
정토이앤씨건축사사무소(주),081707,2018/12,"전문, 과학 및 기술 서비스업"
정풍전산폼(주),042099,2018/12,제조업
정하종합건설주식회사,070949,2018/12,건설업
정한개발주식회사,017296,2018/12,부동산업
정해주유소개발주식회사,051102,2018/12,도매 및 소매업
정현아이스텍주식회사,044666,2018/12,운수 및 창고업
정현종합주류주식회사,080371,2018,
정호건설주식회사,076555,2018/12,부동산업
정화ENP주식회사,065874,2018/12,제조업
정화산업개발주식회사,088120,2018/12,부동산업
정화산업주식회사,076937,2018/12,부동산업
정화식품(주),021245,2018/12,제조업
정화제기주식회사,046285,2018/12,제조업
정화폴리테크공업(주),047636,2018/05,제조업
정화흥산(주),017301,2018/12,제조업
정흥산업개발(주),052164,2018,
제1호서울시민햇빛발전소주식회사,076583,2018,
제2목포신항만주식회사,038761,2018/12,운수 및 창고업
제8요일주식회사,088899,2018/12,"사업시설 관리, 사업 지원 및 임대 서비스업"
제너럴밀스코리아주식회사,079463,2018/05,도매 및 소매업
제너럴바이오(주),076164,2018/12,제조업
제너셈(주),053445,2018,
제네럴에퀴티파트너스주식회사,082715,2018,
제노에너지(주),061300,2018/12,제조업
제니스건설주식회사,029814,2018,
제니스앤컴퍼니주식회사,069993,2018/12,정보통신업
제니스주식회사,080885,2018/12,제조업
제니코스주식회사,045203,2018/12,제조업
제니코식품주식회사,017305,2018/12,제조업
제닉스(주),016784,2018/12,제조업
제닉스(주),084800,2018/12,제조업
제데코,088590,2018/12,부동산업
제동물산(주),017306,2018/12,도매 및 소매업
제민산업개발주식회사,070992,2018/12,건설업
제삼경인고속도로(주),047337,2018/12,건설업
제성내장(주),090666,2018/12,제조업
제세건설주식회사,074660,2018/12,부동산업
제스프로(주),044038,2018/12,정보통신업
제신약품(주),017311,2018/12,도매 및 소매업
제신주식회사,042947,2018/12,도매 및 소매업
제오단위주민생계상가주식회사,080362,2018,
제우산업(주),045238,2018/12,부동산업
제우스교육주식회사,088819,2018/12,교육 서비스업
제우스유화공업(주),053293,2018/12,제조업
제우파트너스(주),042391,2018,
제원화섬주식회사,026148,2018,
제이경인연결고속도로(주),051559,2018/12,건설업
제이경주에스엠씨주식회사,064130,2018/12,"수도, 하수 및 폐기물 처리, 원료 재생업"
제이글로벌앤주식회사,083254,2018,
제이단위주민생계상가주식회사,076282,2018,
제이더블유(주),059584,2018,
제이더블유메디칼주식회사,045833,2018/12,제조업
제이더블유바이오사이언스주식회사,077914,2018/12,제조업
제이더블유생명과학(주),018955,2018,
제이더블유생활건강주식회사,018512,2018/12,제조업
제이더블유엠주식회사,080554,2018/12,도매 및 소매업
제이더블유웨딩컨벤션주식회사,069752,2018/12,숙박 및 음식점업
제이더블유컨벤션,086390,2018/12,"협회 및 단체, 수리 및 기타 개인 서비스업"
제이더블유크레아젠(주),021409,2018/12,제조업
제이더블유티애드벤처(주),016280,2018,
제이디드림모터스,087971,2018/12,부동산업
제이디씨예래리조트주식회사,057542,2018/04,부동산업
제이디엠주식회사,088758,2018/12,제조업
제이디주식회사,085813,2018/12,부동산업
제이디홀딩스(주),081230,2018/12,금융 및 보험업
제이레저주식회사,014087,2018/12,"예술, 스포츠 및 여가관련 서비스업"
제이마트주식회사,074112,2018/12,도매 및 소매업
제이메이슨,085193,2018/12,"전문, 과학 및 기술 서비스업"
제이비에너텍주식회사,065664,2018/12,도매 및 소매업
제이비주식회사,018922,2018/12,"전기, 가스, 증기 및 공기조절 공급업"
제이비코프레이션주식회사,087440,2018/12,제조업
제이서해안고속도로(주),051196,2018/12,"사업시설 관리, 사업 지원 및 임대 서비스업"
제이셀주식회사,076017,2018/12,제조업
제이씨데코코리아(주),043215,2018/12,"전문, 과학 및 기술 서비스업"
제이씨산업개발(주),078598,2018/12,건설업
제이씨씨주식회사,073305,2018/12,부동산업
제이씨앤엠(주),082848,2018/12,제조업
제이씨에벤에셀(주),072570,2018/12,건설업
제이씨엔울산중앙방송,016799,2018/12,정보통신업
제이씨코리아(주),065444,2018/12,제조업
제이아그로주식회사,062416,2018/12,제조업
제이아이개발(주),077611,2018/12,부동산업
제이아이건설(주),078476,2018/12,부동산업
제이아이금속(주),076250,2018/12,"수도, 하수 및 폐기물 처리, 원료 재생업"
제이아이리더스주식회사,073542,2018,
제이아이유압(주),063818,2018/12,제조업
제이아이주택,081949,2018/12,건설업
제이아트컨벤션주식회사,072679,2018/12,"협회 및 단체, 수리 및 기타 개인 서비스업"
제이알정보기술(주),077907,2018,
제이앤드제이주식회사,076577,2018,
제이앤디써키트주식회사,069457,2018/12,제조업
제이앤비디앤씨,078284,2018/12,부동산업
제이앤씨,087632,2018/12,제조업
제이앤씨티주식회사,086943,2018/12,"협회 및 단체, 수리 및 기타 개인 서비스업"
제이앤제이휴먼텍(주),081134,2018,
제이앤지파트너스,066624,2018,
제이앤티팜주식회사,073080,2018/12,도매 및 소매업
제이앤피에셋주식회사,078429,2018/12,부동산업
제이양산에코라인(주),063402,2018/12,"수도, 하수 및 폐기물 처리, 원료 재생업"
제이에셀(주),080705,2018/12,제조업
제이에스개발(주),050009,2018/12,광업
제이에스건설(주),017287,2018/12,건설업
제이에스그룹,069126,2018/12,"사업시설 관리, 사업 지원 및 임대 서비스업"
제이에스메캐닉(주),064837,2018/12,제조업
제이에스세라믹(주),042745,2018,
제이에스스탠더드(주),090946,2018/12,도매 및 소매업
제이에스애드컴,068054,2018/12,정보통신업
제이에스에너지주식회사,074800,2018,
제이에스오토모티브(주),067436,2018/12,제조업
제이에스월드와이드주식회사,073379,2018,
제이에스전선(주),049805,2018,
제이에스전자(주),066326,2018/12,도매 및 소매업
제이에스정공주식회사,066566,2018,
제이에스컨설팅주식회사,091444,2018/12,부동산업
제이에스타워(주),056831,2018,
제이에스타워주식회사,089612,2018/12,부동산업
제이에스파워시스템주식회사,085678,2018/12,부동산업
제이에스픽쳐스,056880,2018/12,정보통신업
제이에스하임(JS하임)주식회사,074452,2018/12,부동산업
제이에스홀딩스(주),065868,2018,
제이에이치관광개발주식회사,064167,2018/12,숙박 및 음식점업
제이에이치더블유주식회사,081082,2018/12,부동산업
제이에이치투자주식회사,080656,2018/12,부동산업
제이에이치화학공업(주),065742,2018/12,제조업
제이에프글로벌(주),088616,2018/12,도매 및 소매업
제이엔디주식회사,057029,2018/12,건설업
제이엔비아이주식회사,067551,2018/12,부동산업
제이엔에프앤디주식회사,076912,2018,
제이엔텍,086655,2018/12,"수도, 하수 및 폐기물 처리, 원료 재생업"
제이엔티(주),057078,2018,
제이엘디앤씨,072298,2018,
제이엘메드(주),087139,2018/12,도매 및 소매업
제이엘씨주식회사,072270,2018/12,정보통신업
제이엘씨파트너스주식회사,080870,2018/12,"전문, 과학 및 기술 서비스업"
제이엘앤컴퍼니,060782,2018,
제이엠개발(주),045443,2018,
제이엠디주식회사,087987,2018/12,부동산업
제이엠모터스(주),049643,2018,
제이엠에스건설(주),085884,2018/12,건설업
제이엠와이주식회사,086115,2018/12,건설업
제이엠테크노주식회사,066377,2018/12,제조업
제이영동고속도로주식회사,051996,2018/12,건설업
제이영주에스엠씨주식회사,070294,2018/12,"수도, 하수 및 폐기물 처리, 원료 재생업"
제이와이,087573,2018/12,제조업
제이와이디앤씨주식회사,078784,2018/12,부동산업
제이와이중공업,057196,2018/12,제조업
제이와이커스텀(주),072871,2018/12,제조업
제이와이코퍼레이션,069128,2018,
제이원산업개발(주),064502,2018/12,건설업
제이원인베스트먼트(주),077002,2018,
제이월드,052478,2018/12,제조업
제이이엔씨주식회사,081153,2018/12,건설업
제이자원주식회사,051495,2018/12,도매 및 소매업
제이제이건설(주),043823,2018/12,건설업
제이제이구골홀딩스주식회사,081786,2018/12,"전문, 과학 및 기술 서비스업"
제이제이랜드유한회사,089687,2018/12,부동산업
제이제이케터링(주),061833,2018/12,숙박 및 음식점업
제이제이툴스(주),073164,2018/12,제조업
제이충무주식회사,063419,2018/12,"사업시설 관리, 사업 지원 및 임대 서비스업"
제이케이로지스(주),067121,2018/12,운수 및 창고업
제이케이마리타임(주),061332,2018/12,운수 및 창고업
제이케이머신(주),069300,2018,
제이케이머티리얼즈(주),064526,2018/12,제조업
제이케이모터스서비스주식회사,090898,2018/12,도매 및 소매업
제이케이미래(주),084809,2018/12,부동산업
제이케이에프주식회사,085955,2018/12,운수 및 창고업
제이케이엔(주),048360,2018/12,제조업
제이케이이엔지(주),043994,2018,
제이케이케이중공업주식회사,056696,2018,
제이케이타워(주),090542,2018/12,부동산업
제이케이테크(주),074272,2018/12,제조업
제이타우젠트주식회사,045775,2018/12,"예술, 스포츠 및 여가관련 서비스업"
제이투더블유(주),030583,2018,
제이투에이치바이오텍(주),090493,2018/12,제조업
제이티비씨스포츠주식회사,080548,2018,
제이티비씨주식회사,064603,2018/12,정보통신업
제이티비씨플러스주식회사,076860,2018/12,정보통신업
제이티앤미디어(주),080984,2018/12,"예술, 스포츠 및 여가관련 서비스업"
제이티와이스틸,064419,2018,
제이티인터내셔널코리아(주),017324,2018/12,도매 및 소매업
제이티파트너스주식회사,087628,2018/12,부동산업
제이플라자주식회사,089500,2018/12,부동산업
제이피(JP)코퍼레이션주식회사,087732,2018/12,부동산업
제이피닷에스엠와이주식회사,088755,2018/12,부동산업
제이피아이헬스케어(주),017290,2018/12,제조업
제일E&S주식회사,017359,2018/12,제조업
제일가설산업(주),090079,2018/12,"사업시설 관리, 사업 지원 및 임대 서비스업"
제일건설,050422,2018/12,건설업
제일공업(주),064495,2018/12,제조업
제일교통(주),067107,2018,
제일국제아이피에스주식회사,052596,2018/12,부동산업
제일금속주식회사,076014,2018/12,제조업
제일기술개발(주),072422,2018,
제일단위주민생계상가주식회사,071544,2018,
제일리버스주식회사,076031,2018/12,제조업
제일물산(주),017334,2018/12,도매 및 소매업
제일베어링공업(주),017336,2018/12,제조업
제일비에스(주),075896,2018,
제일사료주식회사,060839,2018/12,제조업
제일산기(주),067392,2018,
제일산업(주),017338,2018,
제일산업(주),017341,2018/12,제조업
제일산업(주),061643,2018,
제일솔루텍주식회사,069526,2018/12,제조업
제일슈러티주식회사,090659,2018/12,부동산업
제일스텐철강주식회사,046865,2018/12,도매 및 소매업
제일써비스,065039,2018,
제일씨앤피주식회사,050025,2018/12,제조업
제일씨엠(주),087318,2018/12,제조업
제일에스에프주식회사,069185,2018/12,제조업
제일에스와이씨(주),087336,2018/12,제조업
제일에스티(주),086835,2018/12,제조업
제일엔지니어링,064680,2018,
제일엠텍(주),087332,2018/12,제조업
제일여객자동차(주),040159,2018/12,운수 및 창고업
제일유리공업주식회사,017349,2018,
제일인터내셔널주식회사,074196,2018/12,운수 및 창고업
제일저지(주),069527,2018/12,제조업
제일전기공업주식회사,017350,2018/12,제조업
제일전자공업주식회사,026174,2018/12,제조업
제일정공(주),046958,2018/12,제조업
제일종합건설,039229,2018,
제일중공업(주),066888,2018,
제일진흥(주),030450,2018/12,부동산업
제일케미텍(주),046422,2018,
제일콘텍(주),088822,2018/12,제조업
제일탄소공업(주),069480,2018,
제일테크노쎌,039611,2018,
제일패션리테일주식회사,062983,2018,
제일폴리캠주식회사,063319,2018/12,제조업
제일피알(주),039986,2018,
제일하이텍주식회사,017352,2018/12,제조업
제일헬스사이언스주식회사,075820,2018/12,제조업
제일홀딩스(주),017337,2018,
제일화섬주식회사,026190,2018/12,"전문, 과학 및 기술 서비스업"
제일화학(주),078647,2018,
제일화학(주),069598,2018/12,제조업
제일화학주식회사,089275,2018/12,제조업
제일흥업주식회사,010428,2018,
제주금시주식회사,083387,2018/12,숙박 및 음식점업
제주김녕풍력발전주식회사,072354,2018/12,"전기, 가스, 증기 및 공기조절 공급업"
제주렌트카주식회사,042408,2018/12,"사업시설 관리, 사업 지원 및 임대 서비스업"
제주맑은물사랑주식회사,063225,2018/12,건설업
제주맑은물주식회사,069142,2018/12,건설업
제주맥주주식회사,080226,2018/12,제조업
제주문화방송(주),017363,2018/12,정보통신업
제주뮤지엄컴플렉스(주),065075,2018/12,"예술, 스포츠 및 여가관련 서비스업"
제주분마이호랜드(주),049029,2018/12,부동산업
제주비케이(주),092041,2018/12,도매 및 소매업
제주사랑주식회사,085247,2018/12,부동산업
제주산업주식회사,046018,2018/12,"수도, 하수 및 폐기물 처리, 원료 재생업"
제주스타렌탈,076258,2018/12,"사업시설 관리, 사업 지원 및 임대 서비스업"
제주에코텍주식회사,065939,2018/12,"수도, 하수 및 폐기물 처리, 원료 재생업"
제주엔바이로주식회사,058437,2018/12,"수도, 하수 및 폐기물 처리, 원료 재생업"
제주용생개발주식회사,071337,2018/12,부동산업
제주유나이티드에프씨주식회사,054980,2018/12,"예술, 스포츠 및 여가관련 서비스업"
제주유리의성,057353,2018/12,"예술, 스포츠 및 여가관련 서비스업"
제주파크홀딩스주식회사,076222,2018,
제주항공우주호텔주식회사,068812,2018,
제천맑은물사랑(주),066118,2018/12,"수도, 하수 및 폐기물 처리, 원료 재생업"
제천청소년수련원주식회사,079006,2018,
제트에프렘페더샤시주식회사,042865,2018/12,제조업
제트에프오토모티브코리아주식회사,019499,2018/12,제조업
제페토주식회사,063680,2018/12,정보통신업
젠썸코리아주식회사,066617,2018/12,도매 및 소매업
젠앤벤처스주식회사,086393,2018/12,정보통신업
젤리피쉬엔터테인먼트주식회사,066574,2018/06,정보통신업
젬하우시스주식회사,040798,2018/12,도매 및 소매업
젯아이씨주식회사,043953,2018/12,제조업
조강해운주식회사,043570,2018,
조광건업(주),080959,2018/12,제조업
조광요턴(주),017370,2018/12,제조업
조선기기주식회사,086134,2018/12,제조업
조선방송,064622,2018/12,정보통신업
조선선재(주),056028,2018,
조선선재온산주식회사,080349,2018/12,제조업
조선아이에스(주),040738,2018,
조아렌트카(주),090006,2018/12,"사업시설 관리, 사업 지원 및 임대 서비스업"
조아조아(주),090981,2018/12,"예술, 스포츠 및 여가관련 서비스업"
조안주식회사,091418,2018/12,부동산업
조암공동주택개발주식회사,061809,2018,
조양개발(주),085629,2018/12,숙박 및 음식점업
조양개발주식회사,067724,2018,
조양개발주식회사,043817,2018,
조양건설주식회사,038863,2018/12,건설업
조양메탈주식회사,091750,2018/12,도매 및 소매업
조양모방(주),017381,2018/12,제조업
조양산업주식회사,064763,2018/12,제조업
조양상사주식회사,017383,2018/12,부동산업
조양운수주식회사,017385,2018,
조양정밀공업(주),052856,2018/12,제조업
조양정밀기계(주),053172,2018,
조양케미칼,017386,2018/12,도매 및 소매업
조영건설(주),053263,2018,
조원건설주식회사,090292,2018/12,건설업
조원관광진흥(주),017390,2018/12,"예술, 스포츠 및 여가관련 서비스업"
조은개발(주),047574,2018/12,부동산업
조은공업(주),051661,2018/12,제조업
조은담배주식회사,066431,2018,
조은산업개발(주),080768,2018/12,부동산업
조은산업주식회사,059377,2018,
조이슨세이프티시스템스코리아,050779,2018/03,제조업
조인디자인(주),052298,2018/12,건설업
조인셋(주),040572,2018/12,제조업
조인트유창써멀시스템주식회사,048235,2018/12,제조업
조일공업(주),067549,2018/12,제조업
조일공업주식회사,046086,2018/12,제조업
조일로지스(주),091421,2018/12,운수 및 창고업
조일물류(주),058364,2018/12,운수 및 창고업
조일산업(주),070253,2018/12,제조업
조일성업전기(주),017394,2018/12,제조업
조일철강(주),078025,2018/12,도매 및 소매업
조해산업(주),017395,2018/12,부동산업
존스미디어(주),073104,2018/12,제조업
종근당건강(주),017399,2018/12,제조업
종근당산업(주),017400,2018/12,부동산업
종로전기(주),069971,2018/12,건설업
종원디엔씨건설(주),087879,2018/12,부동산업
종합건축사사무소명승건축(주),070964,2018,
종합산업개발,017403,2018/12,부동산업
종합전기,017404,2018/12,건설업
종합터미널고양주식회사,046699,2018,
좋은도시개발주식회사,086041,2018/12,부동산업
좋은라이프주식회사,056421,2018/12,"협회 및 단체, 수리 및 기타 개인 서비스업"
좋은세상주택건설(주),065967,2018,
주)강남역지하쇼핑센터,059394,2018/12,부동산업
주)강원일보,026242,2018/12,정보통신업
주)거성리젠시,070027,2018,
주)골드엠플러스,063237,2018,
주)구미화물터미널,056452,2018/12,도매 및 소매업
주)나음케어,090761,2018/12,도매 및 소매업
주)농축산유통,083447,2018,
주)대성울트라소닉,070192,2018,
주)디에이치엘,090977,2018/12,제조업
주)베네프,063158,2018,
주)부기산업,043646,2018,
주)부일,070126,2018/12,건설업
주)브이알월드,086608,2018/12,건설업
주)삼이,084749,2018/12,"예술, 스포츠 및 여가관련 서비스업"
주)서울글로벌광고,073378,2018/12,"전문, 과학 및 기술 서비스업"
주)서원기업,074203,2018/12,부동산업
주)서원테크,089441,2018/12,제조업
주)성진리얼티,072607,2018,
주)성한개발,089819,2018/12,부동산업
주)세종엘에프,078008,2018/12,"전문, 과학 및 기술 서비스업"
주)세토리,081858,2018/12,도매 및 소매업
주)시흥에너지배곧주유소,086432,2018/12,도매 및 소매업
주)신원건설,089835,2018/12,건설업
주)아이엔퍼스픽,092123,2018/12,부동산업
주)에스아이엠,059838,2018/12,제조업
주)에스엠케이인터내셔날,044046,2018/12,제조업
주)에이앤비홀딩스,087714,2018/12,부동산업
주)에이전트소프트,058754,2018/12,정보통신업
주)엔알이홀딩스,073749,2018,
주)예스유통,092354,2018/12,도매 및 소매업
주)유월드,076612,2018/12,"협회 및 단체, 수리 및 기타 개인 서비스업"
주)이안뷰디앤씨,073027,2018/12,부동산업
주)이지스상조,060070,2018,
주)인우홀딩스,078173,2018,
주)정석씨앤디,057132,2018/12,건설업
주)정우엠타워,059163,2018/12,부동산업
주)제4기한국,043645,2018/12,제조업
주)제이엠건설,078510,2018/12,건설업
주)지어신코리아,060881,2018/12,도매 및 소매업
주)진우에스엠씨,088707,2018/12,제조업
주)참샘,078006,2018/12,부동산업
주)참존종합건설,068970,2018/12,건설업
주)첨단실업,071309,2018/12,부동산업
주)코리아인베스트먼트옥션,091431,2018/12,부동산업
주)태원정공,066172,2018/12,제조업
주)트럼프스포츠,091922,2018/12,"예술, 스포츠 및 여가관련 서비스업"
주)파인힐,087980,2018/12,부동산업
주)프레시원중부,063616,2018,
주)한양일렉트로닉,069660,2018,
주)홍준,073771,2018,
주)화방개발,092301,2018/12,부동산업
주)효성曉晟,092088,2018/12,부동산업
주-보우테이프,043870,2018/12,제조업
주.파이프앤튜브,045585,2018/12,제조업
주광정밀주식회사,045364,2018/12,제조업
주대양에너비스,059899,2018,
주로인터내셔날주식회사,048827,2018,
주산(주),069908,2018/12,부동산업
주산건설(주),066605,2018,
주성건축주식회사,082345,2018/12,건설업
주성산업(주),070679,2018,
주성씨앤에어주식회사,090663,2018/12,운수 및 창고업
주성이엔지주식회사,075930,2018/12,제조업
주성인터내셔널주식회사,086116,2018/12,도매 및 소매업
주성폴리머(주),070407,2018,
주시회사자연과도시,063815,2018/12,부동산업
주시회사지움,076698,2018/12,부동산업
주식화사가나문화콘텐츠,042477,2018/12,정보통신업
주식회사21세기,086966,2018/12,제조업
주식회사5앤2,089605,2018/12,부동산업
주식회사88콘크리트,053148,2018/12,제조업
주식회사AS상조,061341,2018,
주식회사C&K모터스,083501,2018/12,도매 및 소매업
주식회사DAS,085082,2018/12,제조업
주식회사DS산업,080619,2018/12,제조업
주식회사E1컨테이너터미널,054459,2018/12,운수 및 창고업
주식회사Good개발,074110,2018/12,부동산업
주식회사IHC,058350,2018/12,제조업
주식회사K.M-eng(케이엠이엔지),071119,2018/12,제조업
주식회사KBS비즈니스,018896,2018/12,"예술, 스포츠 및 여가관련 서비스업"
주식회사KBS아트비전,018897,2018/12,"예술, 스포츠 및 여가관련 서비스업"
주식회사KCTV제주방송,018740,2018/12,정보통신업
주식회사KHPT,062224,2018/12,제조업
주식회사LG스포츠,018899,2018/12,"예술, 스포츠 및 여가관련 서비스업"
주식회사N.T.I,061989,2018/12,제조업
주식회사SH신한,061485,2018/12,건설업
주식회사SNC,049296,2018/12,제조업
주식회사WD중공업,053704,2018/12,제조업
주식회사가경,090536,2018/12,도매 및 소매업
주식회사가경,088088,2018/12,부동산업
주식회사가경엘앤에프,078594,2018,
주식회사가교아이앤디,081777,2018,
주식회사가나토건,074564,2018/12,건설업
주식회사가나툴,086507,2018/12,도매 및 소매업
주식회사가드너,087300,2018/12,제조업
주식회사가람감정평가법인,049334,2018/12,부동산업
주식회사가람건설,090883,2018/12,부동산업
주식회사가람에스티,092051,2018/12,제조업
주식회사가리미,085300,2018/12,제조업
주식회사가림컴퍼니,010957,2018/12,부동산업
주식회사가보테크,069844,2018/12,제조업
주식회사가산웰스홀딩스,091523,2018/12,부동산업
주식회사가산일렉트론,064564,2018,
주식회사가석,074522,2018,
주식회사가야이에스씨,057133,2018/12,건설업
주식회사가야종합건설,081314,2018/12,건설업
주식회사가야테크놀로지,073495,2018/12,부동산업
주식회사가양,074733,2018/12,부동산업
주식회사가온,080832,2018/12,부동산업
주식회사가온과사람들,071105,2018/12,부동산업
주식회사가온디앤씨,091524,2018/12,부동산업
주식회사가온빌드,090654,2018/12,부동산업
주식회사가온빛,078551,2018/12,부동산업
주식회사가온산업개발,092359,2018/12,부동산업
주식회사가온주택건설,085874,2018/12,건설업
주식회사가온칩스,091255,2018/12,제조업
주식회사가우스,078921,2018,
주식회사가우정푸드,080622,2018/12,도매 및 소매업
주식회사가우프로퍼티스,086492,2018/12,부동산업
주식회사가우플랜,056698,2018/12,건설업
주식회사가울,076058,2018/12,부동산업
주식회사가원인터내셔널,087130,2018/12,제조업
주식회사가은종합건설,086678,2018/12,건설업
주식회사가은투자개발,051644,2018,
주식회사가이아,058372,2018/12,제조업
주식회사가이아모바일코리아,090646,2018/12,정보통신업
주식회사가인주택건설,078264,2018,
주식회사가주,088373,2018/12,부동산업
주식회사가창물류,053021,2018,
주식회사가트너리서치어드바이저리코리아,064825,2018,
주식회사가하,077597,2018,
주식회사가회,078405,2018,
주식회사감성,061804,2018/12,도매 및 소매업
주식회사갑산,057118,2018,
주식회사갑오,090090,2018/12,제조업
주식회사갑을건설,071269,2018,
주식회사갑을상사,026240,2018/12,부동산업
주식회사갓텐코리아,087406,2018/12,숙박 및 음식점업
주식회사강남,026241,2018/12,제조업
주식회사강남,052804,2018,
주식회사강남대성기숙학원,063120,2018/12,교육 서비스업
주식회사강동,087914,2018/12,제조업
주식회사강릉주택,017425,2018/12,건설업
주식회사강림C.S.P,017426,2018/12,제조업
주식회사강림나노텍,067480,2018,
주식회사강변,081546,2018/12,부동산업
주식회사강산우드컴,074757,2018,
주식회사강우건설,072429,2018/12,부동산업
주식회사강원중도개발공사,071128,2018/12,부동산업
주식회사강원학교태양광,074301,2018/12,"전기, 가스, 증기 및 공기조절 공급업"
주식회사강진,072680,2018,
주식회사강진참사랑의료원,061608,2018/12,건설업
주식회사강화바이오골프리조트,053645,2018,
주식회사강화인삼백화점,078983,2018,
주식회사개선스포츠,061494,2018/12,제조업
주식회사개양,023001,2018/12,부동산업
주식회사개오망디자인,062087,2018,
주식회사갤러리,081404,2018/12,숙박 및 음식점업
주식회사갤러리서미,041738,2018,
주식회사갤럭시,073494,2018,
주식회사거룡,088040,2018/12,부동산업
주식회사거명,070507,2018,
주식회사거명건설,070504,2018,
주식회사거명디엔씨,065178,2018,
주식회사거명주택,065177,2018,
주식회사거묵개발,075795,2018/12,부동산업
주식회사거묵산업,084755,2018/12,부동산업
주식회사거북표씽크,053922,2018,
주식회사거산,043784,2018/12,제조업
주식회사거산알루미늄,073110,2018/12,제조업
주식회사거상,058327,2018/12,도매 및 소매업
주식회사거상개발,064061,2018,
주식회사거상자원,059553,2018/12,도매 및 소매업
주식회사거성,063073,2018,
주식회사거성,069708,2018/12,제조업
주식회사거성,089759,2018/12,부동산업
주식회사거성,072785,2018/12,건설업
주식회사거성리젠시원,089434,2018/12,건설업
주식회사거성이앤지,053807,2018,
주식회사거성인더스,092418,2018/12,제조업
주식회사거성인베스트,052942,2018/12,숙박 및 음식점업
주식회사거성테크,070262,2018,
주식회사거양,017434,2018/12,제조업
주식회사거양금속,053262,2018/12,제조업
주식회사거영산업,063314,2018/12,부동산업
주식회사거인개발,089064,2018/12,부동산업
주식회사거인디앤씨,065001,2018,
주식회사거창물류,071078,2018,
주식회사거화실업,017435,2018,
주식회사건곤이감,063147,2018,
주식회사건남개발,039531,2018,
주식회사건도건설,051234,2018,
주식회사건백,081806,2018/12,제조업
주식회사건설과미래,081734,2018/12,부동산업
주식회사건설레미콘,012876,2018/12,제조업
주식회사건설콘크리트,029570,2018/12,제조업
주식회사건세고압,044587,2018/12,제조업
주식회사건양,082119,2018/12,제조업
주식회사건영오토,076862,2018,
주식회사건영이엔씨,078137,2018/12,부동산업
주식회사건우,091396,2018/12,부동산업
주식회사건우신공,091285,2018/12,부동산업
주식회사건우주택,072777,2018,
주식회사건우컴퍼니,091415,2018/12,부동산업
주식회사건원종합건설,076986,2018/12,건설업
주식회사건융프로엔,044457,2018/12,도매 및 소매업
주식회사건은,088129,2018/12,"사업시설 관리, 사업 지원 및 임대 서비스업"
주식회사건인투자,058243,2018,
주식회사건하인스텍,088915,2018/12,제조업
주식회사건한건설,065925,2018,
주식회사건한주택,063421,2018,
주식회사건호전자,073521,2018/12,제조업
주식회사건화,017439,2018/12,도매 및 소매업
주식회사건화,017440,2018/12,제조업
주식회사건화자원,021757,2018,
주식회사건희,090091,2018/12,부동산업
주식회사검단,076182,2018/03,"협회 및 단체, 수리 및 기타 개인 서비스업"
주식회사게링코리아,017442,2018/12,제조업
주식회사경광유통,053274,2018,
주식회사경기개발,076076,2018/12,광업
주식회사경기고속,017444,2018/12,운수 및 창고업
주식회사경기방송,040588,2018/12,정보통신업
주식회사경기색소,017445,2018/12,제조업
주식회사경기엘피씨,067308,2018/12,제조업
주식회사경기지앤디,046846,2018,
주식회사경남,041979,2018/12,도매 및 소매업
주식회사경남건설,082290,2018,
주식회사경남도민프로축구단,042793,2018/12,"예술, 스포츠 및 여가관련 서비스업"
주식회사경남무역,012905,2018/12,도매 및 소매업
주식회사경남신문사,017447,2018/12,정보통신업
주식회사경남지오영,012906,2018/12,도매 및 소매업
주식회사경도이앤씨,073550,2018,
주식회사경동,010001,2018/12,광업
주식회사경동개발,082757,2018/12,부동산업
주식회사경동건설,030785,2018/12,건설업
주식회사경동디엠씨,066252,2018,
주식회사경동사,012914,2018/12,도매 및 소매업
주식회사경동산업,017450,2018/12,제조업
주식회사경동에너아이,080205,2018/12,"전문, 과학 및 기술 서비스업"
주식회사경동티에스,084607,2018/12,"협회 및 단체, 수리 및 기타 개인 서비스업"
주식회사경동프로폰,091279,2018/12,제조업
주식회사경림,045403,2018/12,제조업
주식회사경림,085155,2018/12,부동산업
주식회사경림개발,089112,2018/12,부동산업
주식회사경맥,082256,2018/12,부동산업
주식회사경민,083323,2018/12,부동산업
주식회사경방금속,058354,2018,
주식회사경방유통,012924,2018,
주식회사경보디앤씨,091668,2018/12,부동산업
주식회사경보종합건설,017455,2018/12,건설업
주식회사경복궁가는길에스피씨,078975,2018/12,부동산업
주식회사경부공영,059052,2018/12,광업
주식회사경부종합물류,059111,2018,
주식회사경부종합유통,041929,2018,
주식회사경부철강,043143,2018/12,도매 및 소매업
주식회사경북가스,017456,2018/12,도매 및 소매업
주식회사경북관광개발공사,017457,2018,
주식회사경산컨벤션,061268,2018/12,부동산업
주식회사경산하양칠피에프브이,089927,2018/12,건설업
주식회사경서,091909,2018/12,부동산업
주식회사경성,091557,2018/12,부동산업
주식회사경성리츠,070825,2018/12,건설업
주식회사경성섬유,017458,2018/12,제조업
주식회사경성주택,029788,2018/12,건설업
주식회사경성테크,072251,2018,
주식회사경신,017459,2018/12,제조업
주식회사경신,012935,2018/12,제조업
주식회사경신도시개발,078490,2018/12,건설업
주식회사경신산업,071220,2018,
주식회사경신전선,076050,2018/12,제조업
주식회사경신홀딩스,012937,2018/12,제조업
주식회사경안개발,091567,2018/12,부동산업
주식회사경안파이프,040699,2018/12,제조업
주식회사경연타워,078445,2018/12,부동산업
주식회사경영,070578,2018,
주식회사경용중공업,051752,2018,
주식회사경우,063382,2018,
주식회사경운종합건설,064852,2018,
주식회사경원,059748,2018,
주식회사경원건설,039807,2018/12,건설업
주식회사경원실업,050055,2018/12,"예술, 스포츠 및 여가관련 서비스업"
주식회사경원알미늄,092217,2018/12,제조업
주식회사경원테크,072768,2018/12,제조업
주식회사경은,058460,2018/12,제조업
주식회사경인,017461,2018,
주식회사경인개발,082853,2018/12,건설업
주식회사경인기계,039413,2018/12,제조업
주식회사경인기어,091740,2018/12,제조업
주식회사경인에셋,017462,2018/12,제조업
주식회사경인자기관리부동산투자회사,063808,2018/12,금융 및 보험업
주식회사경일건설,076827,2018,
주식회사경일금속,070295,2018/12,제조업
주식회사경일산업개발,074622,2018,
주식회사경일에프비,068967,2018/12,제조업
주식회사경일지엠씨,074195,2018/12,제조업
주식회사경주건설,076038,2018/12,부동산업
주식회사경지,051694,2018/12,건설업
주식회사경진이레,081152,2018/12,도매 및 소매업
주식회사경진테크,070477,2018/12,제조업
주식회사경진플러스,080868,2018/12,도매 및 소매업
주식회사경평건설,064190,2018/12,건설업
주식회사경포아쿠아리움,076791,2018,
주식회사경한,026248,2018/12,"수도, 하수 및 폐기물 처리, 원료 재생업"
주식회사경한코리아,039412,2018/12,제조업
주식회사경향섬유,073947,2018/12,제조업
주식회사경현,092544,2018/12,부동산업
주식회사경형산업,088015,2018/12,건설업
주식회사계담종합건설,083034,2018/12,건설업
주식회사계동,084873,2018/12,부동산업
주식회사계림,069851,2018/12,건설업
주식회사계림북스,061391,2018/12,정보통신업
주식회사계암,061559,2018/12,제조업
주식회사계양,046940,2018,
주식회사계양정밀,017465,2018/12,제조업
주식회사계영,063018,2018,
주식회사계영자산,083244,2018/12,부동산업
주식회사계전산업,051241,2018/12,부동산업
주식회사고건산업개발,064032,2018,
주식회사고구려인베스트먼트,090586,2018/12,정보통신업
주식회사고당,067471,2018/12,부동산업
주식회사고덕씨티,087423,2018/12,부동산업
주식회사고도,062471,2018,
주식회사고도건설,051695,2018/12,건설업
주식회사고든종합건설,078928,2018,
주식회사고려,083122,2018/12,부동산업
주식회사고려고주파,072710,2018,
주식회사고려리비죤,067386,2018/12,제조업
주식회사고려산기,060025,2018,
주식회사고려시멘트,066833,2018,
주식회사고려에스앤피,079037,2018,
주식회사고려에이치씨,065917,2018/12,금융 및 보험업
주식회사고려인슈,077618,2018,
주식회사고려자동차,017473,2018/12,도매 및 소매업
주식회사고려종합건설,047266,2018,
주식회사고려퍼프,080255,2018/12,제조업
주식회사고려필터,085962,2018/12,제조업
주식회사고려해운항공,017474,2018/12,운수 및 창고업
주식회사고려호이스트,043270,2018/12,제조업
주식회사고려흑연,083576,2018/12,숙박 및 음식점업
주식회사고림개발,045766,2018,
주식회사고림오지구,045765,2018,
주식회사고뫄스빌딩,063298,2018,
주식회사고산,076043,2018,
주식회사고성엔지니어링,085219,2018/12,제조업
주식회사고세코리아,058443,2018/12,도매 및 소매업
주식회사고손,066318,2018/12,부동산업
주식회사고시다코리아,065699,2018,
주식회사고영홀딩스,087102,2018/12,"전문, 과학 및 기술 서비스업"
주식회사고우넷,046681,2018/12,도매 및 소매업
주식회사고운,085977,2018/12,부동산업
주식회사고운개발,067571,2018,
주식회사고운조경,045582,2018,
주식회사고원글로텍,083357,2018/12,제조업
주식회사고원화성,072223,2018/12,도매 및 소매업
주식회사고위드,077290,2018/12,"전문, 과학 및 기술 서비스업"
주식회사고은컨트리클럽,050179,2018/12,"예술, 스포츠 및 여가관련 서비스업"
주식회사고은타워,067099,2018/12,도매 및 소매업
주식회사고인돌,073484,2018,
주식회사고진디엔씨,050361,2018,
주식회사고품질,082783,2018/12,숙박 및 음식점업
주식회사골드밴,090732,2018/12,제조업
주식회사골드앤드실버,072963,2018/12,제조업
주식회사골드오키드,056432,2018,
주식회사골드크랩,085037,2018/12,도매 및 소매업
주식회사골드파라,078530,2018/12,부동산업
주식회사골드퍼스트,087873,2018/12,부동산업
주식회사골드펌프킨,092269,2018/12,도매 및 소매업
주식회사골든가,090013,2018/12,부동산업
주식회사골든가든,081627,2018/12,부동산업
주식회사골든게이트,049116,2018/12,건설업
주식회사골든그랜드홀딩스,083529,2018,
주식회사골든브릿지,080408,2018/12,부동산업
주식회사골든브릿지,039259,2018/12,"전문, 과학 및 기술 서비스업"
주식회사골든센츄리,065913,2018/12,부동산업
주식회사골든스퀘어,082028,2018/12,부동산업
주식회사골든스페이스,084926,2018/12,숙박 및 음식점업
주식회사골든앤와이즈,088892,2018/12,"전문, 과학 및 기술 서비스업"
주식회사골든이엔씨,052600,2018,
주식회사골든코어,092077,2018/12,운수 및 창고업
주식회사골든크라운,063537,2018/12,"예술, 스포츠 및 여가관련 서비스업"
주식회사골든트리,076348,2018/12,부동산업
주식회사골든티라노,091181,2018/12,부동산업
주식회사골프존카운티영천,070047,2018/12,부동산업
주식회사곰레미콘,017478,2018,
주식회사곰앤컴퍼니,038806,2018/12,정보통신업
주식회사공감플러스,080446,2018/12,부동산업
주식회사공구우먼,088189,2018/12,도매 및 소매업
주식회사공영기연,017481,2018,
주식회사공영사,063932,2018/12,제조업
주식회사공영사,017482,2018,
주식회사공영산업,080252,2018/12,건설업
주식회사공영해운,061324,2018/12,도매 및 소매업
주식회사공유디앤씨,087415,2018/12,부동산업
주식회사관문산업,085255,2018/12,제조업
주식회사관악,030143,2018/12,"예술, 스포츠 및 여가관련 서비스업"
주식회사관운,085855,2018/12,부동산업
주식회사관웅,046164,2018/12,제조업
주식회사광개토개발,076366,2018,
주식회사광교레이크뷰타워,078597,2018/12,건설업
주식회사광교법조상가,065160,2018,
주식회사광교스마트법조,080719,2018/12,부동산업
주식회사광덕,091259,2018/12,도매 및 소매업
주식회사광동유통,043516,2018/12,숙박 및 음식점업
주식회사광림,090729,2018/12,제조업
주식회사광림정공,064503,2018/12,제조업
주식회사광메탈,072315,2018/12,"수도, 하수 및 폐기물 처리, 원료 재생업"
주식회사광명기전,070158,2018,
주식회사광명디앤씨,083247,2018/12,부동산업
주식회사광명비엠,086638,2018/12,부동산업
주식회사광명역환승파크,084931,2018/12,운수 및 창고업
주식회사광명이엔지,069839,2018/12,제조업
주식회사광명인베스트먼트,077110,2018/12,부동산업
주식회사광명주택개발,050582,2018,
주식회사광명특수금속,069523,2018,
주식회사광산,052503,2018/12,제조업
주식회사광산기술,066976,2018/12,제조업
주식회사광산상사,052909,2018/12,부동산업
주식회사광석태양광발전소,061524,2018/12,"전기, 가스, 증기 및 공기조절 공급업"
주식회사광성개발,064349,2018/12,"사업시설 관리, 사업 지원 및 임대 서비스업"
주식회사광성물류센터,091163,2018/12,운수 및 창고업
주식회사광성테크,091500,2018/12,제조업
주식회사광성하이택,010177,2018,
주식회사광신스크렙,053660,2018/12,"수도, 하수 및 폐기물 처리, 원료 재생업"
주식회사광신스틸,048685,2018/12,제조업
주식회사광신종합건설,078101,2018/12,건설업
주식회사광신주택,046931,2018/12,건설업
주식회사광신판지,017486,2018/12,제조업
주식회사광양900,061724,2018/12,"예술, 스포츠 및 여가관련 서비스업"
주식회사광양개발,060810,2018,
주식회사광양기업,017488,2018/12,건설업
주식회사광양에너지,091485,2018/12,"전기, 가스, 증기 및 공기조절 공급업"
주식회사광양인터내셔널물류센터,075804,2018/12,운수 및 창고업
주식회사광양종합건설,060937,2018/12,건설업
주식회사광양훼더,070266,2018/12,제조업
주식회사광연,073843,2018,
주식회사광영,089526,2018/12,부동산업
주식회사광영디앤엠,087297,2018/12,부동산업
주식회사광영산업개발,087295,2018/12,부동산업
주식회사광우메딕스,045449,2018/12,도매 및 소매업
주식회사광원목재,017489,2018,
주식회사광원이엔지(GWE),080883,2018/12,제조업
주식회사광은전자,076687,2018/12,제조업
주식회사광일광고기업,017491,2018/12,제조업
주식회사광일금속,029315,2018/12,제조업
주식회사광일아이리스,067784,2018,
주식회사광일체어,082866,2018,
주식회사광장스포렉스,091502,2018/12,부동산업
주식회사광장투자개발,082468,2018/12,"협회 및 단체, 수리 및 기타 개인 서비스업"
주식회사광전사,091383,2018/12,"전기, 가스, 증기 및 공기조절 공급업"
주식회사광주방송,010717,2018/12,정보통신업
주식회사광주시민프로축구단,057444,2018/12,"예술, 스포츠 및 여가관련 서비스업"
주식회사광주일보사,076747,2018/12,정보통신업
주식회사광진기계,017494,2018/12,제조업
주식회사광진산업,087055,2018/12,제조업
주식회사광진엔지니어링,050365,2018/12,제조업
주식회사광진케이블,070367,2018,
주식회사광진티엘에스,041331,2018/12,운수 및 창고업
주식회사광진피엠,067703,2018/12,제조업
주식회사광천주택산업,082902,2018/12,부동산업
주식회사광호,085992,2018/12,"전기, 가스, 증기 및 공기조절 공급업"
주식회사광희,064141,2018/12,제조업
주식회사교우산업,043273,2018/12,제조업
주식회사교원,017498,2018/12,도매 및 소매업
주식회사교원더오름,091746,2018/12,도매 및 소매업
주식회사교원라이프,069205,2018/12,"협회 및 단체, 수리 및 기타 개인 서비스업"
주식회사교하,026254,2018/12,제조업
주식회사구들장,060792,2018,
주식회사구띠에커피,064528,2018,
주식회사구로에이텐피에프브이,092074,2018/12,부동산업
주식회사구룡개발,064059,2018,
주식회사구룡물류,082294,2018/12,부동산업
주식회사구미드림타운,078281,2018/12,부동산업
주식회사구미오창태양광발전,065731,2018,
주식회사구봉산골프클럽,073520,2018/12,"예술, 스포츠 및 여가관련 서비스업"
주식회사구비테크,076953,2018/12,제조업
주식회사구수중전기,061134,2018,
주식회사구스앤홈,084700,2018/12,제조업
주식회사구웅산업,077491,2018/12,제조업
주식회사구일엔지니어링,047405,2018/12,제조업
주식회사구즈,045576,2018/12,부동산업
주식회사구택,062144,2018,
주식회사구학파크랜드,065169,2018/12,"예술, 스포츠 및 여가관련 서비스업"
주식회사구현,085793,2018/12,부동산업
주식회사국광,050580,2018/12,제조업
주식회사국기,076896,2018/12,건설업
주식회사국민렌탈,084981,2018/12,제조업
주식회사국민알루스,076721,2018/12,제조업
주식회사국민정밀,063635,2018/12,제조업
주식회사국민차매매단지,085549,2018/12,부동산업
주식회사국민행복주택제2호위탁관리부동산투자회사,086644,2018/12,부동산업
주식회사국보옵틱스,060408,2018,
주식회사국보화학,041115,2018/12,제조업
주식회사국빈장례문화원,092639,2018/12,"협회 및 단체, 수리 및 기타 개인 서비스업"
주식회사국전,017507,2018,
주식회사국제건설,055140,2018,
주식회사국제관광호텔,026257,2018,
주식회사국제금속,061200,2018/12,제조업
주식회사국제도시개발건설,085424,2018/12,부동산업
주식회사국제산업개발,047057,2018,
주식회사국제신문,017511,2018/12,정보통신업
주식회사국제이노베이션,064824,2018,
주식회사국제정공,045807,2018/12,제조업
주식회사국제종합토건,010187,2018,
주식회사국제타일,017513,2018,
주식회사국제프린테크,085942,2018/12,제조업
주식회사국제화학산업,061519,2018,
주식회사국천산업,030283,2018/12,건설업
주식회사군월드건설,087616,2018/12,건설업
주식회사군위컨트리클럽,091859,2018/12,"예술, 스포츠 및 여가관련 서비스업"
주식회사군장종합건설,081979,2018/12,건설업
주식회사군청빌딩,070283,2018,
주식회사굳센컴퍼니,089576,2018/12,부동산업
주식회사굿드림,080405,2018/12,부동산업
주식회사굿리얼티,074390,2018,
주식회사굿모닝뷰,091825,2018/12,숙박 및 음식점업
주식회사굿모닝서울,067870,2018/12,제조업
주식회사굿몰,083163,2018,
주식회사굿스틸,051484,2018/12,제조업
주식회사굿앤굿트레이드,089650,2018/12,도매 및 소매업
주식회사굿윌,091991,2018/12,"사업시설 관리, 사업 지원 및 임대 서비스업"
주식회사굿텔,066173,2018,
주식회사귀뚜라미랜드,017514,2018/12,"예술, 스포츠 및 여가관련 서비스업"
주식회사규원,092284,2018/12,광업
주식회사규형디엔씨,030056,2018,
주식회사규호,017515,2018/12,부동산업
주식회사그라비티,038871,2018/12,정보통신업
주식회사그랑에셋,058009,2018/12,부동산업
주식회사그랜드,081401,2018/12,부동산업
주식회사그랜드컨벤션,074377,2018/12,"협회 및 단체, 수리 및 기타 개인 서비스업"
주식회사그랜드컨벤션,089757,2018/12,부동산업
주식회사그랜드타워,082448,2018/12,부동산업
주식회사그랜드텍,043741,2018,
주식회사그랜드팰리스호텔익산,081698,2018,
주식회사그랜드플래닝,072080,2018/12,부동산업
주식회사그레닉스,084896,2018/12,제조업
주식회사그레이스건설,091723,2018/12,건설업
주식회사그레이트분캐피탈매니지먼트,091056,2018/12,"전문, 과학 및 기술 서비스업"
주식회사그룹아이디디,072671,2018,
주식회사그룹예원,089817,2018/12,부동산업
주식회사그린,017520,2018/12,제조업
주식회사그린나래에너지,077422,2018/12,"전기, 가스, 증기 및 공기조절 공급업"
주식회사그린랜드,089977,2018/12,"협회 및 단체, 수리 및 기타 개인 서비스업"
주식회사그린로드,051672,2018/12,부동산업
주식회사그린리소스,088715,2018/12,제조업
주식회사그린바이텍(구:주식회사세계물산),015593,2018/12,제조업
주식회사그린세종,066969,2018/12,건설업
주식회사그린솔라,056449,2018,
주식회사그린씨알피,085226,2018/12,제조업
주식회사그린씨앤디,081637,2018/12,숙박 및 음식점업
주식회사그린씨에스,053985,2018/12,"사업시설 관리, 사업 지원 및 임대 서비스업"
주식회사그린알로에,090237,2018/12,도매 및 소매업
주식회사그린에어텍,078757,2018/12,제조업
주식회사그린에프피,077035,2018/12,부동산업
주식회사그린영암에너지,092094,2018/12,"전기, 가스, 증기 및 공기조절 공급업"
주식회사그린워터텍,073924,2018/12,"수도, 하수 및 폐기물 처리, 원료 재생업"
주식회사그린웍스,084709,2018/12,정보통신업
주식회사그린월드,078434,2018,
주식회사그린웹서비스,065787,2018/12,"사업시설 관리, 사업 지원 및 임대 서비스업"
주식회사그린이에스에이,085120,2018/12,제조업
주식회사그린익스프레스파크,076149,2018/12,숙박 및 음식점업
주식회사그린조이,017525,2018/12,제조업
주식회사그린존,076642,2018/12,건설업
주식회사그린케미칼,082657,2018/12,제조업
주식회사그린키친,067226,2018/12,제조업
주식회사그린테크,078913,2018/12,제조업
주식회사그린텍아이엔씨,070220,2018/12,제조업
주식회사그린트리,078961,2018/12,숙박 및 음식점업
주식회사그린파워,057060,2018/12,제조업
주식회사그린푸드,091923,2018/12,제조업
주식회사그린플로우,089915,2018/12,제조업
주식회사그린피플,091462,2018/12,"사업시설 관리, 사업 지원 및 임대 서비스업"
주식회사그림,019150,2018,
주식회사극동기계,017527,2018/12,제조업
주식회사극동통신,046049,2018/12,제조업
주식회사근도테크놀로지,043841,2018,
주식회사근영,073475,2018/12,부동산업
주식회사근홍주택,087643,2018/12,부동산업
주식회사근화모피,026259,2018/12,제조업
주식회사근화종합건설,060844,2018/12,건설업
주식회사글라이칸,079012,2018,
주식회사글락소스미스클라인,018696,2018/12,제조업
주식회사글락소스미스클라인컨슈머헬스케어코리아,076418,2018/12,도매 및 소매업
주식회사글로메탈,057855,2018,
주식회사글로밴스,090495,2018/12,제조업
주식회사글로벌,049864,2018/12,운수 및 창고업
주식회사글로벌로보틱스,077881,2018/12,제조업
주식회사글로벌로지텍,084690,2018/12,운수 및 창고업
주식회사글로벌미트컴퍼니,076605,2018,
주식회사글로벌뷰,077858,2018/12,건설업
주식회사글로벌심층수,057290,2018/12,제조업
주식회사글로벌심텍,087354,2018/12,"전문, 과학 및 기술 서비스업"
주식회사글로벌씨앤디,061046,2018,
주식회사글로벌엠이엠,076857,2018/12,부동산업
주식회사글로벌오토트레이딩,043184,2018/12,도매 및 소매업
주식회사글로벌익스프레스,059639,2018/12,운수 및 창고업
주식회사글로벌컨셉츠코리아,017529,2018/12,도매 및 소매업
주식회사글로벌티앤에스,066616,2018/12,도매 및 소매업
주식회사글로벌파트너스,078689,2018/12,부동산업
주식회사글로스코,020457,2018/12,제조업
주식회사글로스타,045715,2018,
주식회사글로우원,062160,2018/12,제조업
주식회사글로지스,059014,2018,
주식회사글로컬디앤씨,077753,2018,
주식회사글로코어,092355,2018/12,운수 및 창고업
주식회사글리츠리츠,086460,2018/12,제조업
주식회사금가,072974,2018/12,제조업
주식회사금강,085990,2018/12,제조업
주식회사금강기획,010004,2018,
주식회사금강디벨로퍼,085259,2018/12,부동산업
주식회사금강레저산업,078123,2018,
주식회사금강리빙스텔개발,077050,2018,
주식회사금강방화문,091010,2018/12,제조업
주식회사금강오에스,079005,2018,
주식회사금강장례문화원,070676,2018,
주식회사금강주택,017532,2018/12,건설업
주식회사금강포스템,017531,2018,
주식회사금강프라임건설,088824,2018/12,건설업
주식회사금강휴게소,042405,2018/12,도매 및 소매업
주식회사금경라이팅,070456,2018/12,제조업
주식회사금경이노텍,067081,2018/12,제조업
주식회사금경테크,088038,2018/12,제조업
주식회사금곡골프프라자,039454,2018/12,"예술, 스포츠 및 여가관련 서비스업"
주식회사금광,066464,2018/12,제조업
주식회사금광,082325,2018/12,부동산업
주식회사금당건설,076762,2018/12,"전문, 과학 및 기술 서비스업"
주식회사금당테크놀러지,074016,2018/12,부동산업
주식회사금도유니버셜,078891,2018,
주식회사금동기계,050836,2018,
주식회사금룡조경,080686,2018/12,건설업
주식회사금마,061321,2018,
주식회사금명하이텍,092072,2018/12,제조업
주식회사금목개발,091809,2018/12,부동산업
주식회사금보,086919,2018/12,건설업
주식회사금보,075709,2018/12,숙박 및 음식점업
주식회사금보건설,070476,2018/12,부동산업
주식회사금보유통,028548,2018/12,도매 및 소매업
주식회사금복주,058199,2018/12,제조업
주식회사금비화장품,017538,2018/12,제조업
주식회사금사요양,083467,2018,
주식회사금산개발,077342,2018/12,부동산업
주식회사금산디앤아이,076756,2018/12,부동산업
주식회사금산태양광발전소,073517,2018/12,"전기, 가스, 증기 및 공기조절 공급업"
주식회사금산테크,077986,2018,
주식회사금산토지개발,086825,2018/12,부동산업
주식회사금상첨화,067991,2018,
주식회사금샘,077095,2018/12,건설업
주식회사금성,050757,2018/12,부동산업
주식회사금성,066543,2018/12,도매 및 소매업
주식회사금성개발,091294,2018/12,부동산업
주식회사금성백조건설,047919,2018/12,건설업
주식회사금성스틸,046029,2018/12,제조업
주식회사금성씨엠,087950,2018/12,도매 및 소매업
주식회사금성인슈텍,073927,2018/12,제조업
주식회사금성정공,029850,2018/12,제조업
주식회사금성종합건축사사무소,080359,2018/12,"전문, 과학 및 기술 서비스업"
주식회사금성침대,082008,2018/12,제조업
주식회사금성칼라팩,077678,2018/12,제조업
주식회사금성풍력산업,044733,2018/12,제조업
주식회사금성하이텍,063825,2018/12,제조업
주식회사금송종합건설,077386,2018,
주식회사금아여행,039798,2018/12,운수 및 창고업
주식회사금아하이드파워,048151,2018/12,제조업
주식회사금양디앤디,080784,2018/12,부동산업
주식회사금양인터내셔날,017544,2018/12,도매 및 소매업
주식회사금양주택,082979,2018,
주식회사금양통신,017545,2018/12,건설업
주식회사금영,067009,2018/12,제조업
주식회사금영,017546,2018,
주식회사금영엔터테인먼트,081866,2018/12,제조업
주식회사금영제너럴,063351,2018/12,건설업
주식회사금오전자,070728,2018/12,제조업
주식회사금왕테크노밸리,080872,2018/12,부동산업
주식회사금우,049239,2018,
주식회사금우개발,088027,2018/12,부동산업
주식회사금우개발,091856,2018/12,부동산업
주식회사금우산기,066924,2018,
주식회사금장,083469,2018,
주식회사금재디앤씨,047120,2018,
주식회사금정,056625,2018,
주식회사금정산업,063467,2018,
주식회사금정약품,026262,2018/12,도매 및 소매업
주식회사금정플래닝,065009,2018,
주식회사금조,078819,2018/12,건설업
주식회사금진실업,070077,2018/12,제조업
주식회사금창,017549,2018/12,제조업
주식회사금천전자,058591,2018,
주식회사금천중공업,063820,2018,
주식회사금탑,078887,2018,
주식회사금탑건설,066331,2018,
주식회사금파,030814,2018/12,제조업
주식회사금학전기,081969,2018/12,건설업
주식회사금호개발,067474,2018/12,"예술, 스포츠 및 여가관련 서비스업"
주식회사금호개발,053711,2018,
주식회사금호기공,068944,2018/12,제조업
주식회사금호물산,085929,2018/12,부동산업
주식회사금호시푸드,084613,2018/12,제조업
주식회사금호주택,077991,2018/12,부동산업
주식회사금호해운,060714,2018,
주식회사금홍,063889,2018/12,"협회 및 단체, 수리 및 기타 개인 서비스업"
주식회사금화,017550,2018/12,도매 및 소매업
주식회사금화,066515,2018/12,제조업
주식회사금화,067998,2018/12,제조업
주식회사기가사이버,043204,2018,
주식회사기가테라,081846,2018/12,제조업
주식회사기남금속,089593,2018/12,제조업
주식회사기룡테크,086401,2018/12,제조업
주식회사기린건축,017551,2018/12,도매 및 소매업
주식회사기린렌텍,066940,2018/12,"사업시설 관리, 사업 지원 및 임대 서비스업"
주식회사기린식품,059674,2018,
주식회사기린인베스트,059307,2018,
주식회사기묘개발,092657,2018/12,건설업
주식회사기미전자,069852,2018/12,제조업
주식회사기반테크,084705,2018/12,"전문, 과학 및 기술 서비스업"
주식회사기산과학,059474,2018/12,도매 및 소매업
주식회사기산화학,091727,2018/12,제조업
주식회사기성,044024,2018/12,제조업
주식회사기승산업,061279,2018/12,제조업
주식회사기영개발,087345,2018/12,건설업
주식회사기전사,086658,2018/12,건설업
주식회사기타네트,066489,2018/12,도매 및 소매업
주식회사기행,087164,2018/12,부동산업
주식회사길,063633,2018,
주식회사길갈하우징,084925,2018/12,부동산업
주식회사길산업,061061,2018/12,제조업
주식회사길성,080572,2018,
주식회사길쌈상조,070308,2018,
주식회사길조,064895,2018,
주식회사길진인터내셔날,053277,2018,
주식회사길천,089330,2018/12,부동산업
주식회사김덕규과자점,088710,2018/12,숙박 및 음식점업
주식회사김앤드이,017558,2018/12,건설업
주식회사김영사,029617,2018/12,정보통신업
주식회사김종학프로덕션,068822,2018/12,정보통신업
주식회사김포양곡주택위탁관리부동산투자회사,083799,2018,
주식회사김해복음,045448,2018/12,부동산업
주식회사까스텔바쟉,076029,2018/12,도매 및 소매업
주식회사까치,070793,2018/12,부동산업
주식회사깐부,074537,2018/12,도매 및 소매업
주식회사꾸메도시,046246,2018,
주식회사꿈,085436,2018/12,도매 및 소매업
주식회사꿈,089865,2018/12,"예술, 스포츠 및 여가관련 서비스업"
주식회사꿈그린,046954,2018/12,제조업
주식회사나경,085586,2018/12,제조업
주식회사나경주택,084682,2018/12,건설업
주식회사나나주택,067907,2018/12,건설업
주식회사나노,029257,2018,
주식회사나노브릭,077738,2018/12,제조업
주식회사나노시스템,064401,2018/12,제조업
주식회사나노아,067623,2018,
주식회사나노앤텍,072817,2018/12,제조업
주식회사나노전기중부사업소,089667,2018/12,도매 및 소매업
주식회사나노켐,013166,2018/12,제조업
주식회사나노코,056825,2018/12,제조업
주식회사나노팜,029937,2018/12,도매 및 소매업
주식회사나누리,070389,2018,
주식회사나누텍,092026,2018/12,제조업
주식회사나눅스,013305,2018/12,제조업
주식회사나눅스네트웍스,072297,2018/12,도매 및 소매업
주식회사나눔디엔씨,074625,2018,
주식회사나딕게임즈,076512,2018/12,정보통신업
주식회사나라교역,039396,2018/12,도매 및 소매업
주식회사나라손,030089,2018/12,제조업
주식회사나라컨트롤,017561,2018/12,제조업
주식회사나래산업,076928,2018/12,제조업
주식회사나래주택건설,087718,2018/12,부동산업
주식회사나루,087654,2018/12,부동산업
주식회사나리,061098,2018/12,부동산업
주식회사나린인터내셔날,070612,2018,
주식회사나무경영아카데미,076166,2018/12,교육 서비스업
주식회사나무디엠씨,083217,2018,
주식회사나무이엔씨,091869,2018/12,부동산업
주식회사나무코프,086367,2018/12,"전문, 과학 및 기술 서비스업"
주식회사나브텍,090461,2018/12,제조업
주식회사나산기업,076237,2018/12,제조업
주식회사나성,085820,2018/12,부동산업
주식회사나성,070403,2018,
주식회사나스에쿼티,090282,2018/12,"전문, 과학 및 기술 서비스업"
주식회사나우동인건축사사무소,067644,2018/12,"전문, 과학 및 기술 서비스업"
주식회사나우스,064129,2018/12,제조업
주식회사나우엔텍,087589,2018/12,제조업
주식회사나우코스,043850,2018/12,제조업
주식회사나우텔,060837,2018,
주식회사나이스,078358,2018/12,건설업
주식회사나이스핀링크,075780,2018,
주식회사나이아가라관광,045953,2018/12,숙박 및 음식점업
주식회사나인스타산업개발,088619,2018/12,부동산업
주식회사나인테크,065206,2018/12,제조업
주식회사나인하우스,062670,2018,
주식회사나인후르츠미디어,045763,2018,
주식회사나임,081500,2018,
주식회사나전,022261,2018/12,제조업
주식회사나주교통,081294,2018/12,운수 및 창고업
주식회사낙원,070673,2018,
주식회사낙원종합건설,074459,2018/12,건설업
주식회사낙원티엔에이,070228,2018/12,제조업
주식회사남강비앤에스,072912,2018/12,부동산업
주식회사남강산업,066999,2018/12,부동산업
주식회사남강컴퓨터,088158,2018/12,도매 및 소매업
주식회사남경,013334,2018/12,제조업
주식회사남경,071239,2018,
주식회사남경산업개발,071258,2018/12,건설업
주식회사남경에스엠,073537,2018/12,제조업
주식회사남경플러스,076550,2018/12,부동산업
주식회사남곡이지구,046797,2018,
주식회사남광디엔씨,089260,2018/12,부동산업
주식회사남동테크노타워,084934,2018/12,부동산업
주식회사남문,077233,2018/12,숙박 및 음식점업
주식회사남부,067083,2018/12,제조업
주식회사남부종합건설,078279,2018/12,건설업
주식회사남북메디칼,091955,2018/12,도매 및 소매업
주식회사남선,085372,2018/12,도매 및 소매업
주식회사남선,045881,2018/12,제조업
주식회사남선홀딩스,086555,2018/12,"전문, 과학 및 기술 서비스업"
주식회사남양계전,022304,2018/12,건설업
주식회사남양뉴월드마트,062036,2018,
주식회사남양마르스,039583,2018,
주식회사남양산업개발,087214,2018/12,건설업
주식회사남양에스앤티,048434,2018,
주식회사남양인터내셔날,017577,2018/12,제조업
주식회사남양주건설,064782,2018,
주식회사남영,017578,2018,
주식회사남영개발,081240,2018,
주식회사남영산업개발,082475,2018/12,부동산업
주식회사남원,028652,2018/12,도매 및 소매업
주식회사남이,078888,2018,
주식회사남익,066008,2018,
주식회사남인,063549,2018/12,제조업
주식회사남일기업,086166,2018/12,건설업
주식회사남일전지상사,017579,2018/12,제조업
주식회사남전디앤씨,051981,2018/12,건설업
주식회사남전물산,017580,2018/12,부동산업
주식회사남전상공,049091,2018/12,도매 및 소매업
주식회사남평레미콘,069992,2018,
주식회사남호,089909,2018/12,"수도, 하수 및 폐기물 처리, 원료 재생업"
주식회사남호섬유,017582,2018/12,제조업
주식회사낫소골프,057919,2018/12,제조업
주식회사내뜰애,069481,2018,
주식회사내외산업,041585,2018/12,제조업
주식회사내외정보통신,067129,2018,
주식회사내이처건설건축사사무소,064026,2018,
주식회사내정양행,073939,2018/12,부동산업
주식회사네비엔,061037,2018/12,건설업
주식회사네스랩,067754,2018,
주식회사네스타,070874,2018,
주식회사네시삼십삼분,070356,2018/12,정보통신업
주식회사네오나노메딕스코리아,088856,2018/12,"전문, 과학 및 기술 서비스업"
주식회사네오디바이스,059640,2018/12,제조업
주식회사네오랩컨버전스,068895,2018/12,제조업
주식회사네오메탈플러스,076420,2018/12,제조업
주식회사네오비전,092092,2018/12,부동산업
주식회사네오시티,086619,2018/12,제조업
주식회사네오씨티알,062925,2018/12,제조업
주식회사네오위즈블레스스튜디오,073057,2018,
주식회사네오위즈아이엔에스,065654,2018,
주식회사네오위즈플레이스튜디오,081106,2018/12,정보통신업
주식회사네오캠,081042,2018/12,제조업
주식회사네오크레마,080135,2018/12,제조업
주식회사네오텍,067045,2018,
주식회사네오투자개발(NEO),083298,2018/12,부동산업
주식회사네오트라이톤,077553,2018,
주식회사네오펙트,082429,2018,
주식회사네오포토콘,062076,2018,
주식회사네오플,049969,2018/12,정보통신업
주식회사네오플러스,077170,2018,
주식회사네온포토닉스,068098,2018/12,제조업
주식회사네이션스,074546,2018,
주식회사네이처디엠씨,073976,2018,
주식회사네이처텍,063788,2018/12,제조업
주식회사네이쳐에프피,074251,2018/12,도매 및 소매업
주식회사네트록스,053787,2018,
주식회사넥서스,013422,2018/12,건설업
주식회사넥서스일렉트로닉스,089465,2018/12,도매 및 소매업
주식회사넥서스칩스,058259,2018,
주식회사넥서스커뮤니티,028953,2018/12,정보통신업
주식회사넥서스컴퍼니,088712,2018/12,부동산업
주식회사넥센산기,043043,2018,
주식회사넥스모,048440,2018,
주식회사넥스시스템즈,080134,2018/12,"사업시설 관리, 사업 지원 및 임대 서비스업"
주식회사넥스젠건설,085254,2018/12,부동산업
주식회사넥스지오,063407,2018,
주식회사넥스코,076537,2018/12,제조업
주식회사넥스코닉스,076731,2018/12,정보통신업
주식회사넥스토릭,066625,2018,
주식회사넥스트매치,076067,2018,
주식회사넥스트바이오글로벌,087946,2018/12,도매 및 소매업
주식회사넥스트바이오메디컬,090001,2018/12,제조업
주식회사넥스트업,074283,2018/12,제조업
주식회사넥스트에너지,085746,2018/12,"전기, 가스, 증기 및 공기조절 공급업"
주식회사넥스파시스템,069888,2018/12,제조업
주식회사넥스퍼시픽,084983,2018/12,"사업시설 관리, 사업 지원 및 임대 서비스업"
주식회사넥스플러스,061139,2018/12,제조업
주식회사넥스플렉스,090739,2018/12,제조업
주식회사넥스피안,040811,2018/12,제조업
주식회사넥슨레드,086586,2018/12,정보통신업
주식회사넵스홈,051321,2018/12,건설업
주식회사넵튠,073551,2018,
주식회사넷티어시스템즈,072650,2018/12,도매 및 소매업
주식회사노나텍,070931,2018,
주식회사노랑에너지,085851,2018/12,"전기, 가스, 증기 및 공기조절 공급업"
주식회사노랑통닭서울경기,086484,2018/12,제조업
주식회사노르딕아이스,077503,2018/12,도매 및 소매업
주식회사노바렉스,057790,2018,
주식회사노바셀테크놀로지,057923,2018/12,"전문, 과학 및 기술 서비스업"
주식회사노보메디,087117,2018/12,부동산업
주식회사노블,072615,2018/12,건설업
주식회사노블레스해인,076232,2018/12,부동산업
주식회사노블레스홀딩스,092069,2018/12,부동산업
주식회사노블힐스,087822,2018/12,부동산업
주식회사노비아갈라,078372,2018/12,"협회 및 단체, 수리 및 기타 개인 서비스업"
주식회사노스퀘스트,085052,2018/12,"전문, 과학 및 기술 서비스업"
주식회사노스팜,059990,2018/12,"예술, 스포츠 및 여가관련 서비스업"
주식회사노아상사,063879,2018/12,제조업
주식회사노아종합상사,045747,2018/12,도매 및 소매업
주식회사노이드테크,072487,2018/12,제조업
주식회사노일가스,067014,2018/12,도매 및 소매업
주식회사노터스,078755,2018/12,"전문, 과학 및 기술 서비스업"
주식회사녹수,020695,2018/12,제조업
주식회사녹스게임즈,078593,2018,
주식회사녹십자백신,062934,2018,
주식회사녹십자웰빙,075898,2018/12,제조업
주식회사녹지엠앤디,073980,2018,
주식회사녹채원,062118,2018/12,제조업
주식회사농경,050193,2018/06,제조업
주식회사농민유통,065231,2018,
주식회사농부,073478,2018,
주식회사농생우창,089626,2018/12,제조업
주식회사농수산물마켓,074766,2018,
주식회사농업회사법인삼화원종,058776,2018/12,"농업, 임업 및 어업"
주식회사농업회사법인자연과사람,087184,2018/12,"농업, 임업 및 어업"
주식회사농업회사법인포프리,087907,2018/12,제조업
주식회사농협네트웍스,013461,2018/12,건설업
주식회사농협아그로,017588,2018/12,제조업
주식회사누가개발,050625,2018/12,부동산업
주식회사누리보이스,059626,2018/12,제조업
주식회사누리산업개발,078028,2018/12,부동산업
주식회사누리엔,058139,2018/12,부동산업
주식회사누리온,063272,2018/12,제조업
주식회사누림디앤씨,092086,2018/12,부동산업
주식회사누림씨앤씨,090139,2018/12,부동산업
주식회사누보,086322,2018/12,제조업
주식회사누비지오,086045,2018/12,제조업
주식회사뉴가닉코스메틱,078207,2018,
주식회사뉴그린,040773,2018/12,"수도, 하수 및 폐기물 처리, 원료 재생업"
주식회사뉴니케,089992,2018/12,금융 및 보험업
주식회사뉴대구호텔,073416,2018/12,숙박 및 음식점업
주식회사뉴데이즈,053617,2018/12,"전문, 과학 및 기술 서비스업"
주식회사뉴라이저,074096,2018/12,도매 및 소매업
주식회사뉴라이프그룹,049474,2018,
주식회사뉴룸건설,091170,2018/12,부동산업
주식회사뉴메딕,085088,2018/12,제조업
주식회사뉴벨,083058,2018,
주식회사뉴본산업개발,072755,2018,
주식회사뉴서울호텔,066542,2018,
주식회사뉴스1,086839,2018/12,정보통신업
주식회사뉴시티개발,083365,2018/12,부동산업
주식회사뉴신팜,060743,2018/12,도매 및 소매업
주식회사뉴아인,089357,2018/12,"전문, 과학 및 기술 서비스업"
주식회사뉴앤뉴,073442,2018/12,제조업
주식회사뉴에라파트너스인베스트먼트,091122,2018/12,정보통신업
주식회사뉴에스,061767,2018/12,부동산업
주식회사뉴엠케이,081585,2018,
주식회사뉴엠텍,090049,2018/12,제조업
주식회사뉴엠티,089135,2018/12,제조업
주식회사뉴욕컴퍼니,083301,2018/12,부동산업
주식회사뉴욕파이낸셜그룹,092340,2018/12,부동산업
주식회사뉴정일,078524,2018/12,부동산업
주식회사뉴젠스,069778,2018/12,정보통신업
주식회사뉴지로,082105,2018/12,제조업
주식회사뉴테라넥스,088678,2018/12,도매 및 소매업
주식회사뉴템즈,063740,2018/12,제조업
주식회사뉴투원,064629,2018,
주식회사뉴티스,072823,2018,
주식회사뉴후론티어산업,039871,2018/12,부동산업
주식회사뉴힐탑,069172,2018,
주식회사느티나무,071068,2018,
주식회사늘푸른,070768,2018/12,제조업
주식회사늘푸른하우스,048410,2018,
주식회사늘픔,082382,2018/12,부동산업
주식회사니코,017594,2018/12,도매 및 소매업
주식회사니프코코리아,026457,2018/12,제조업
주식회사닉스아이,092083,2018/12,제조업
주식회사다건이엔씨,090028,2018/12,부동산업
주식회사다그린,059739,2018,
주식회사다나에너지솔루션,059143,2018/12,"수도, 하수 및 폐기물 처리, 원료 재생업"
주식회사다날에프엔비,085063,2018/12,도매 및 소매업
주식회사다날엔터테인먼트,063891,2018/12,정보통신업
주식회사다농엘마트,064691,2018/12,도매 및 소매업
주식회사다니엘시네마,059245,2018/12,"예술, 스포츠 및 여가관련 서비스업"
주식회사다다디에이티,085410,2018/12,부동산업
주식회사다다씨앤씨,013487,2018/12,제조업
주식회사다다앤코로넷,073210,2018/12,운수 및 창고업
주식회사다담리테일,082551,2018/12,도매 및 소매업
주식회사다담산업개발,084022,2018/12,부동산업
주식회사다담솔루션,077489,2018/12,제조업
주식회사다담씨앤씨홀딩스,086792,2018/12,부동산업
주식회사다도글로벌,069467,2018/12,도매 및 소매업
주식회사다도해운,043669,2018/12,광업
주식회사다람기술,080628,2018/12,제조업
주식회사다래파크텍,070242,2018/12,제조업
주식회사다리온,052376,2018/12,건설업
주식회사다림개발,045540,2018/12,"예술, 스포츠 및 여가관련 서비스업"
주식회사다림양행,029928,2018/12,도매 및 소매업
주식회사다모산업개발,087087,2018/12,부동산업
주식회사다모아,083194,2018,
주식회사다모아드림,078642,2018/12,부동산업
주식회사다몬,082808,2018,
주식회사다보씨앤엠,067561,2018/12,제조업
주식회사다보정밀,041135,2018/12,제조업
주식회사다보중앙,073172,2018/12,"전문, 과학 및 기술 서비스업"
주식회사다비드개발,061790,2018/12,부동산업
주식회사다사랑빌,078415,2018,
주식회사다산,066589,2018/12,부동산업
주식회사다산,029683,2018/12,제조업
주식회사다산에너지,087182,2018/12,건설업
주식회사다산티에스홀딩스,081185,2018,
주식회사다선,077248,2018/12,부동산업
주식회사다성,059053,2018/12,제조업
주식회사다성개발,086971,2018/12,부동산업
주식회사다성에프에이,082021,2018,
주식회사다성홀딩스,069620,2018/12,도매 및 소매업
주식회사다솔,013768,2018/12,제조업
주식회사다솜,074594,2018/12,부동산업
주식회사다솜,067046,2018,
주식회사다스,077268,2018/12,제조업
주식회사다스,010219,2018/12,제조업
주식회사다스씨앤,066791,2018,
주식회사다연,057392,2018/12,부동산업
주식회사다연테크,082461,2018/12,제조업
주식회사다오요트,086130,2018/12,제조업
주식회사다온,089143,2018/12,건설업
주식회사다온,076373,2018,
주식회사다온21,077902,2018/12,부동산업
주식회사다온21,078915,2018,
주식회사다온디엔씨,078056,2018,
주식회사다온디자인건설,083239,2018/12,부동산업
주식회사다온미래개발,064664,2018/12,부동산업
주식회사다온비앤에이,091592,2018/12,부동산업
주식회사다온신개발,082348,2018/12,숙박 및 음식점업
주식회사다온알앤디,085517,2018/12,부동산업
주식회사다온플랜,066425,2018/12,"협회 및 단체, 수리 및 기타 개인 서비스업"
주식회사다올관광개발,082505,2018,
주식회사다올산업,086087,2018/12,제조업
주식회사다올자산개발,077680,2018/12,부동산업
주식회사다올정밀,088981,2018/12,제조업
주식회사다올컴퍼니,088769,2018/12,운수 및 창고업
주식회사다옴,074369,2018/12,숙박 및 음식점업
주식회사다우,077218,2018/12,제조업
주식회사다우리치플러스,051414,2018,
주식회사다우링에너지,090750,2018/12,제조업
주식회사다우스틸,082572,2018/12,제조업
주식회사다우엔터프라이즈,070529,2018,
주식회사다우케이아이디,063945,2018,
주식회사다우케이아이디개발,076074,2018,
주식회사다우하이텍실리콘,062197,2018/12,도매 및 소매업
주식회사다운타운디앤씨,078297,2018,
주식회사다울,078944,2018,
주식회사다움주택건설,091109,2018/12,부동산업
주식회사다움코퍼레이션,082200,2018/12,제조업
주식회사다원,086408,2018/12,제조업
주식회사다원개발,070146,2018/12,부동산업
주식회사다원메닥스,086887,2018/12,제조업
주식회사다원센추리,013495,2018,
주식회사다원에이앤씨,083724,2018/12,건설업
주식회사다원에코시티,073323,2018,
주식회사다원전자,070166,2018/12,제조업
주식회사다원종합건설,092414,2018/12,건설업
주식회사다원플래닛,072795,2018,
주식회사다원피씨에스,076979,2018,
주식회사다윈프릭션,060769,2018/12,제조업
주식회사다음글로벌홀딩스,052464,2018,
주식회사다이나믹모션,057022,2018,
주식회사다이나텍케미칼,069832,2018/12,도매 및 소매업
주식회사다이나트론,074042,2018,
주식회사다이나핏코리아,085245,2018/12,제조업
주식회사다이아몬드스타,089640,2018/12,부동산업
주식회사다이엑스,085272,2018/12,제조업
주식회사다이코,073209,2018,
주식회사다이코,047855,2018/12,도매 및 소매업
주식회사다인정공,017597,2018/12,제조업
주식회사다인폼,087764,2018/12,제조업
주식회사다일,040924,2018,
주식회사다임산업개발,073186,2018,
주식회사다임홀딩스,061482,2018,
주식회사다자요,092767,2018/12,정보통신업
주식회사다준,066350,2018/12,부동산업
주식회사다지트,077446,2018/12,제조업
주식회사다짐디앤씨,089361,2018/12,건설업
주식회사다찬인더스,053292,2018,
주식회사다투,091234,2018/12,부동산업
주식회사다함넷,026279,2018/12,금융 및 보험업
주식회사다함레저,017598,2018/12,"예술, 스포츠 및 여가관련 서비스업"
주식회사단석산업,017599,2018/12,제조업
주식회사단석첨단소재,030498,2018,
주식회사단우기술단,080375,2018,
주식회사단정바이오,088625,2018/12,제조업
주식회사단톡,044421,2018/12,"예술, 스포츠 및 여가관련 서비스업"
주식회사단해,017602,2018/12,제조업
주식회사담소리빙,084975,2018/12,도매 및 소매업
주식회사담솔,048884,2018,
주식회사담양골프랜드,044878,2018/12,"예술, 스포츠 및 여가관련 서비스업"
주식회사담터,052062,2018/06,제조업
주식회사담터에프엔비,091520,2018/12,제조업
주식회사당정디앤디,085532,2018/12,부동산업
주식회사대가종합건설,029971,2018/12,건설업
주식회사대건,017603,2018/12,건설업
주식회사대건씨엔디,043903,2018/12,"사업시설 관리, 사업 지원 및 임대 서비스업"
주식회사대건콘크리트,053224,2018,
주식회사대건테크,061883,2018/12,제조업
주식회사대경고신인터내셔날,073178,2018,
주식회사대경공영,043482,2018,
주식회사대경디앤씨,046614,2018,
주식회사대경바스컴,010822,2018/12,제조업
주식회사대경아이엔씨,069413,2018/12,도매 및 소매업
주식회사대경에스코,084668,2018/12,제조업
주식회사대경엘리시아,087631,2018/12,건설업
주식회사대경열처리,072830,2018/12,제조업
주식회사대경테크노,058703,2018/12,제조업
주식회사대경특수공업,069048,2018/12,제조업
주식회사대경퍼시픽,013531,2018/12,도매 및 소매업
주식회사대경페이퍼앤펄프,061796,2018/12,도매 및 소매업
주식회사대경피앤씨,078130,2018/12,제조업
주식회사대경하우징,082349,2018/12,부동산업
주식회사대경하이켐,063152,2018/12,도매 및 소매업
주식회사대경홀딩스,064673,2018,
주식회사대고홀딩스,038875,2018/12,제조업
주식회사대공,071315,2018/12,건설업
주식회사대관령디앤엠,086997,2018/12,부동산업
주식회사대광,013533,2018,
주식회사대광건설,017606,2018/12,건설업
주식회사대광건영,043886,2018/12,건설업
주식회사대광금속,045439,2018,
주식회사대광기업,017607,2018/12,제조업
주식회사대광목재,083172,2018/12,제조업
주식회사대광산업,078656,2018/12,제조업
주식회사대광산업,049815,2018,
주식회사대광에이엠씨,067145,2018/12,건설업
주식회사대광유리,086008,2018/12,도매 및 소매업
주식회사대광이엔씨,041128,2018/12,건설업
주식회사대광주철,061064,2018/12,제조업
주식회사대광지공,076175,2018/12,제조업
주식회사대광텍스타일,072975,2018/12,제조업
주식회사대교디앤씨,065901,2018/12,부동산업
주식회사대교마트,073829,2018/12,도매 및 소매업
주식회사대교통신,082406,2018/12,정보통신업
주식회사대구개발,081657,2018/12,건설업
주식회사대구스텐레스,065771,2018/12,도매 및 소매업
주식회사대구에치티개발,059174,2018/12,부동산업
주식회사대구전문장례식장,058516,2018/12,"협회 및 단체, 수리 및 기타 개인 서비스업"
주식회사대구정밀,045348,2018/12,제조업
주식회사대국아이.엔.티,062073,2018/12,제조업
주식회사대길개발,090222,2018/12,부동산업
주식회사대남,017611,2018,
주식회사대노복지사업단,065932,2018/12,"협회 및 단체, 수리 및 기타 개인 서비스업"
주식회사대능교육,061509,2018/12,부동산업
주식회사대대푸드원,029993,2018,
주식회사대덕강업,029671,2018/12,도매 및 소매업
주식회사대덕기업,078096,2018,
주식회사대덕식품,066992,2018,
주식회사대도공영,017614,2018/12,부동산업
주식회사대도기업,074614,2018,
주식회사대동,017615,2018/12,제조업
주식회사대동,089453,2018/12,제조업
주식회사대동,073407,2018/12,제조업
주식회사대동광업,017617,2018/12,광업
주식회사대동기업,076292,2018,
주식회사대동모빌리티,010495,2018/12,제조업
주식회사대동세라믹,060529,2018/12,제조업
주식회사대동알미늄,071151,2018/12,제조업
주식회사대동요업,017623,2018/12,제조업
주식회사대동종합물류,070722,2018,
주식회사대동테크윈,089508,2018/12,제조업
주식회사대두식품,017625,2018/12,제조업
주식회사대륙,013583,2018/12,제조업
주식회사대륙공업,069366,2018/12,제조업
주식회사대륙철강,053275,2018,
주식회사대륙피앤아이,078956,2018/12,제조업
주식회사대륜,052948,2018/12,제조업
주식회사대륜,086465,2018/12,부동산업
주식회사대륜E&S,020273,2018/12,"전기, 가스, 증기 및 공기조절 공급업"
주식회사대륜디앤아이,069663,2018/12,부동산업
주식회사대륜발전,060606,2018/12,"전기, 가스, 증기 및 공기조절 공급업"
주식회사대륜산업개발,089399,2018/12,부동산업
주식회사대륜코브라더스피에프브이,086616,2018/12,부동산업
주식회사대륜테라스빌피에프브이,073823,2018,
주식회사대륭,049113,2018,
주식회사대륭개발,082949,2018/12,건설업
주식회사대륭전선,013595,2018/12,제조업
주식회사대림에스앤티,087648,2018/12,제조업
주식회사대림에스엔피,090566,2018/12,제조업
주식회사대림이앤지,082758,2018,
주식회사대림정밀,074028,2018,
주식회사대림철강,066870,2018/12,제조업
주식회사대림테크,088006,2018/12,제조업
주식회사대림테크,062296,2018/12,제조업
주식회사대림프라콘,017627,2018/12,제조업
주식회사대립,052949,2018/12,제조업
주식회사대명,053362,2018/12,제조업
주식회사대명건설,026285,2018/12,건설업
주식회사대명국제여행사,087972,2018/12,"사업시설 관리, 사업 지원 및 임대 서비스업"
주식회사대명산업개발,087309,2018/12,부동산업
주식회사대명소노,026286,2018/12,숙박 및 음식점업
주식회사대명수안,039781,2018/12,건설업
주식회사대명스테이션,066224,2018/12,"협회 및 단체, 수리 및 기타 개인 서비스업"
주식회사대명종합건설,029513,2018/12,건설업
주식회사대명철강,039026,2018/12,제조업
주식회사대명하우징,075770,2018/12,건설업
주식회사대명호텔앤리조트제주,024814,2018/12,숙박 및 음식점업
주식회사대미건설산업,050219,2018/12,부동산업
주식회사대방이엘티,077220,2018,
주식회사대보개발,085366,2018/12,건설업
주식회사대보빌딩,073846,2018,
주식회사대보세라믹스,047638,2018/06,제조업
주식회사대복골프연습장,061540,2018/12,"예술, 스포츠 및 여가관련 서비스업"
주식회사대복철강,064684,2018,
주식회사대불조선,067019,2018,
주식회사대산골프프라자,058921,2018/12,"예술, 스포츠 및 여가관련 서비스업"
주식회사대산금속,052654,2018/12,제조업
주식회사대산씨앤씨,049910,2018,
주식회사대산에프앤아이,085737,2018/12,제조업
주식회사대산포크,080450,2018/12,제조업
주식회사대산플러스,084972,2018/12,부동산업
주식회사대산화학,069276,2018/12,도매 및 소매업
주식회사대선빌딩,070901,2018/12,부동산업
주식회사대성,060911,2018,
주식회사대성건설,017636,2018/12,건설업
주식회사대성마리프,048713,2018/12,제조업
주식회사대성메탈,074448,2018/12,제조업
주식회사대성문,072472,2018/12,건설업
주식회사대성물류,082591,2018/12,운수 및 창고업
주식회사대성사,026288,2018/12,제조업
주식회사대성시티건설,089040,2018/12,건설업
주식회사대성아이앤지,073350,2018/12,제조업
주식회사대성에코에너지센터,084819,2018/12,"수도, 하수 및 폐기물 처리, 원료 재생업"
주식회사대성엔텍,058612,2018/12,제조업
주식회사대성이엔씨,077999,2018,
주식회사대성종합건축사사무소,087883,2018/12,"전문, 과학 및 기술 서비스업"
주식회사대성철강,017638,2018/12,제조업
주식회사대성판지,039842,2018/12,제조업
주식회사대성포장산업,065052,2018/12,제조업
주식회사대성프라퍼티,072484,2018/12,부동산업
주식회사대세에스피알,085897,2018/12,제조업
주식회사대솔아이엠,078298,2018/12,제조업
주식회사대송,017639,2018/12,건설업
주식회사대송메디칼,088840,2018/12,도매 및 소매업
주식회사대승글로벌,077823,2018/12,건설업
주식회사대승디엔씨,081851,2018/12,건설업
주식회사대승팜스,048675,2018,
주식회사대승홀딩스,072098,2018/12,부동산업
주식회사대신,077772,2018/12,부동산업
주식회사대신,041204,2018/12,도매 및 소매업
주식회사대신성에너지,086775,2018/12,도매 및 소매업
주식회사대신약품,017640,2018/12,도매 및 소매업
주식회사대신엔스코,091768,2018/12,제조업
주식회사대신전기,085975,2018/12,부동산업
주식회사대신코리아,090966,2018/12,도매 및 소매업
주식회사대아,072157,2018/12,도매 및 소매업
주식회사대아건설,017641,2018/12,건설업
주식회사대아고속해운,017642,2018/12,운수 및 창고업
주식회사대아기업,017643,2018,
주식회사대아산업개발,089207,2018/12,"수도, 하수 및 폐기물 처리, 원료 재생업"
주식회사대아홀딩스,064896,2018,
주식회사대안,056566,2018/12,제조업
주식회사대암,077324,2018/12,부동산업
주식회사대양,017645,2018/12,건설업
주식회사대양개발,017647,2018/12,건설업
주식회사대양기술,071330,2018/12,제조업
주식회사대양디앤티,046583,2018,
주식회사대양물산,041309,2018/12,제조업
주식회사대양볼트,066408,2018/12,제조업
주식회사대양종합개발,064843,2018/12,건설업
주식회사대양테크닉,074271,2018/12,제조업
주식회사대양하이테크,090473,2018/12,제조업
주식회사대양해군,063536,2018/12,"사업시설 관리, 사업 지원 및 임대 서비스업"
주식회사대연,060868,2018/12,제조업
주식회사대연리얼티,071277,2018,
주식회사대연정공,049625,2018/12,제조업
주식회사대연콘크리트,017650,2018,
주식회사대열비엔에스,080603,2018/12,제조업
주식회사대영,078842,2018,
주식회사대영,074133,2018,
주식회사대영,067171,2018/12,부동산업
주식회사대영금속,083338,2018/12,제조업
주식회사대영기계,090440,2018/12,제조업
주식회사대영레포츠,043220,2018/12,"예술, 스포츠 및 여가관련 서비스업"
주식회사대영사,080518,2018/12,제조업
주식회사대영씨앤티,088001,2018/12,"전문, 과학 및 기술 서비스업"
주식회사대영엠텍,064234,2018/12,제조업
주식회사대영오앤이,039615,2018/12,제조업
주식회사대영온천,081324,2018/12,"예술, 스포츠 및 여가관련 서비스업"
주식회사대영정밀,069117,2018,
주식회사대영트레이딩,082213,2018,
주식회사대영트윈빌,067846,2018,
주식회사대영특수고무,087349,2018/12,제조업
주식회사대영합섬,084647,2018/12,제조업
주식회사대오,080833,2018/12,제조업
주식회사대용,013727,2018/12,제조업
주식회사대용2555,067264,2018,
주식회사대우개발,048630,2018,
주식회사대우석도,066372,2018/12,제조업
주식회사대우선재,063973,2018,
주식회사대우적장,066496,2018,
주식회사대우주택,039677,2018/12,부동산업
주식회사대우하우징,088116,2018/12,건설업
주식회사대운개발,091069,2018/12,부동산업
주식회사대운씨앤디,078406,2018,
주식회사대웅,070412,2018/12,"수도, 하수 및 폐기물 처리, 원료 재생업"
주식회사대웅시티,053150,2018/12,제조업
주식회사대웅식품,091652,2018/12,도매 및 소매업
주식회사대웅이엔지,086683,2018/12,제조업
주식회사대원,066936,2018,
주식회사대원,082278,2018/12,제조업
주식회사대원,066932,2018/12,제조업
주식회사대원고속,017658,2018/12,운수 및 창고업
주식회사대원교통,013742,2018/12,운수 및 창고업
주식회사대원농산,069238,2018/12,제조업
주식회사대원디앤디,085395,2018/12,건설업
주식회사대원레미콘,058902,2018/12,제조업
주식회사대원모방,076304,2018/12,제조업
주식회사대원빌딩,070665,2018,
주식회사대원산기,064222,2018/12,제조업
주식회사대원아스콘,085249,2018/12,제조업
주식회사대원에셋부동산중개,062113,2018,
주식회사대원에스디,070762,2018/12,제조업
주식회사대원에프엔씨,047188,2018/12,제조업
주식회사대원엔비폴,077313,2018/12,제조업
주식회사대원여객,017660,2018/12,운수 및 창고업
주식회사대원열처리,088123,2018/12,제조업
주식회사대원운수,017661,2018/12,운수 및 창고업
주식회사대원전설,062297,2018,
주식회사대원정공,082903,2018/12,제조업
주식회사대원종합건설,017662,2018,
주식회사대원총업,041034,2018/12,도매 및 소매업
주식회사대원케미코,061606,2018/12,제조업
주식회사대원포리머,017663,2018/12,제조업
주식회사대원플러스건설,041732,2018/12,부동산업
주식회사대원플러스알앤씨,087850,2018/05,부동산업
주식회사대원플러스알앤씨제삼차,086549,2018/03,부동산업
주식회사대유그린에너지,085137,2018/12,도매 및 소매업
주식회사대유글로벌,069948,2018/12,제조업
주식회사대유금형,082609,2018/12,제조업
주식회사대유산업,026291,2018/12,"농업, 임업 및 어업"
주식회사대유에이피,076263,2018,
주식회사대유정공,077309,2018/12,제조업
주식회사대유철강,090205,2018/12,제조업
주식회사대유통신,043254,2018/12,제조업
주식회사대유플러스,059148,2018,
주식회사대유합금,073103,2018/12,제조업
주식회사대일,053349,2018/12,제조업
주식회사대일비엠,081225,2018/12,부동산업
주식회사대일섬유,017669,2018/12,제조업
주식회사대일씨텍,061653,2018,
주식회사대일이앤씨,062017,2018/12,"수도, 하수 및 폐기물 처리, 원료 재생업"
주식회사대일이엔지,072792,2018,
주식회사대일주택,090552,2018/12,부동산업
주식회사대일텍,090000,2018/12,제조업
주식회사대일해운,064847,2018/12,운수 및 창고업
주식회사대자연,082963,2018/12,부동산업
주식회사대저해운,073670,2018/12,운수 및 창고업
주식회사대전가오시네마,058208,2018,
주식회사대전동원약품,017670,2018/12,도매 및 소매업
주식회사대전일보사,017671,2018/12,정보통신업
주식회사대전지오팜,042281,2018/12,도매 및 소매업
주식회사대정,088700,2018/12,제조업
주식회사대종메디텍,090885,2018/12,도매 및 소매업
주식회사대주,077861,2018/12,부동산업
주식회사대주기계,042515,2018/12,제조업
주식회사대주산업기계,085513,2018/12,제조업
주식회사대주이엔지,084611,2018/12,제조업
주식회사대지석유,026292,2018,
주식회사대지에스텍,056928,2018/12,도매 및 소매업
주식회사대진,043992,2018/12,제조업
주식회사대진글라스,048468,2018/12,제조업
주식회사대진산업,029798,2018,
주식회사대진씨앤씨,089056,2018/12,제조업
주식회사대진전지,061227,2018,
주식회사대진정공,077162,2018/12,제조업
주식회사대진항공,090677,2018/12,운수 및 창고업
주식회사대창,029600,2018/12,제조업
주식회사대창개발,073861,2018/12,부동산업
주식회사대창공업,084662,2018/12,제조업
주식회사대창기업,088688,2018/12,"예술, 스포츠 및 여가관련 서비스업"
주식회사대창이앤티,013821,2018/12,도매 및 소매업
주식회사대창인터내셔널,062950,2018,
주식회사대창철강,051753,2018/12,제조업
주식회사대창하이테크,076903,2018,
주식회사대척태양광발전소,072587,2018/12,"전기, 가스, 증기 및 공기조절 공급업"
주식회사대천텍스타일,066746,2018/12,제조업
주식회사대철,017678,2018/12,제조업
주식회사대청공영,045355,2018,
주식회사대청하이텍,057045,2018/12,제조업
주식회사대촌,013830,2018/12,제조업
주식회사대평,084590,2018/12,운수 및 창고업
주식회사대평건설,082634,2018/12,부동산업
주식회사대평건설,043744,2018,
주식회사대평랜드투,087460,2018/12,부동산업
주식회사대평물산,064682,2018,
주식회사대풍산업,017681,2018/12,제조업
주식회사대하,086737,2018/12,제조업
주식회사대하,069825,2018/12,운수 및 창고업
주식회사대하,013833,2018/12,제조업
주식회사대하강업,045981,2018/12,제조업
주식회사대한,078206,2018/12,부동산업
주식회사대한,062429,2018/12,제조업
주식회사대한가스기기,054474,2018/12,제조업
주식회사대한개발,073014,2018,
주식회사대한건축산업,085639,2018/12,도매 및 소매업
주식회사대한기계,085804,2018/12,제조업
주식회사대한모터스,061168,2018,
주식회사대한물류센타,080724,2018/12,도매 및 소매업
주식회사대한민국투자개발,073065,2018,
주식회사대한바이오팜,092314,2018/12,제조업
주식회사대한복지,066368,2018/12,보건업 및 사회복지 서비스업
주식회사대한세라믹스,017687,2018/12,제조업
주식회사대한솔루션,026296,2018/12,제조업
주식회사대한스텐레스파이프,039942,2018/12,제조업
주식회사대한엠피에스,084585,2018/12,제조업
주식회사대한제10호뉴스테이위탁관리부동산투자회사,090196,2018/12,부동산업
주식회사대한제4호뉴스테이위탁관리부동산투자회사,081070,2018/12,부동산업
주식회사대한종건,090226,2018/12,건설업
주식회사대한창호,092167,2018/12,건설업
주식회사대한콘설탄트,017690,2018/12,"사업시설 관리, 사업 지원 및 임대 서비스업"
주식회사대한특수강,013884,2018/12,제조업
주식회사대해엔지니어링,057067,2018/12,광업
주식회사대혁디벨로퍼,083585,2018/12,부동산업
주식회사대현,058995,2018,
주식회사대현,087993,2018/12,건설업
주식회사대현개발,092415,2018/12,부동산업
주식회사대현개발,073853,2018/12,부동산업
주식회사대현베스트,073501,2018,
주식회사대현테크노월드,042021,2018,
주식회사대현하우징,081076,2018/12,부동산업
주식회사대현하이웨이,059043,2018/12,"협회 및 단체, 수리 및 기타 개인 서비스업"
주식회사대형디앤씨,074545,2018/12,부동산업
주식회사대형에프아이티,082173,2018/12,제조업
주식회사대혜,086995,2018/12,부동산업
주식회사대혜건축,021273,2018/12,"전문, 과학 및 기술 서비스업"
주식회사대호,029560,2018/12,도매 및 소매업
주식회사대호,077362,2018/12,부동산업
주식회사대호,062038,2018,
주식회사대호개발,077525,2018/12,부동산업
주식회사대호기어,089003,2018/12,제조업
주식회사대호레포츠,040397,2018/12,부동산업
주식회사대호분체산업,091451,2018/12,제조업
주식회사대호산업,021274,2018/12,제조업
주식회사대호차량,026239,2018,
주식회사대호커뮤니케이션,078898,2018/12,부동산업
주식회사대호피엠씨,046938,2018,
주식회사대호홀딩스,076459,2018/12,부동산업
주식회사대홍기업,063876,2018/12,제조업
주식회사대화감정평가법인,049156,2018/12,부동산업
주식회사대화디앤아이,087530,2018/12,부동산업
주식회사대화산기,017695,2018/12,제조업
주식회사대화씨앤에프,040885,2018/12,도매 및 소매업
주식회사대화앤유,064508,2018,
주식회사대화와이즈엠,088947,2018/12,부동산업
주식회사대화제지,013911,2018/12,제조업
주식회사대화주택건설산업,083191,2018/12,건설업
주식회사대효제약,065007,2018,
주식회사대흥,059985,2018,
주식회사대흥,042424,2018,
주식회사대흥,078511,2018,
주식회사대흥레미콘,017696,2018/12,제조업
주식회사대흥보빈,046680,2018,
주식회사대흥산업,038898,2018/12,건설업
주식회사대흥산업,067318,2018,
주식회사대흥웰텍,067509,2018/12,도매 및 소매업
주식회사대흥이엔텍,048933,2018,
주식회사대흥정공,017697,2018/12,제조업
주식회사대흥정밀,064215,2018/12,제조업
주식회사대흥종합건설,076174,2018/12,건설업
주식회사대흥쿨러,066391,2018,
주식회사대흥토건,076191,2018/12,건설업
주식회사더감,085547,2018/12,부동산업
주식회사더기반,080089,2018/12,"농업, 임업 및 어업"
주식회사더네이쳐홀딩스,080377,2018/12,도매 및 소매업
주식회사더누림,078833,2018/12,부동산업
주식회사더드립,086245,2018/12,제조업
주식회사더디씨에이치,073266,2018,
주식회사더디자이너스그룹,083406,2018/12,"전문, 과학 및 기술 서비스업"
주식회사더라이트,074557,2018,
주식회사더라이프앤,070538,2018,
주식회사더리더스,073448,2018/12,부동산업
주식회사더리치,066918,2018/06,부동산업
주식회사더릿지354,077003,2018/12,부동산업
주식회사더마크,088924,2018/12,부동산업
주식회사더명지,086599,2018/12,부동산업
주식회사더모자익그룹,080560,2018/12,부동산업
주식회사더반피엠씨,067336,2018,
주식회사더밴,076787,2018,
주식회사더봄,017998,2018/12,제조업
주식회사더부러조은,077505,2018/12,부동산업
주식회사더부산오토갤러리,087627,2018/12,부동산업
주식회사더블다운인터액티브,084773,2018/12,정보통신업
주식회사더블아이소프트,090699,2018/12,정보통신업
주식회사더블에셋자기관리부동산투자회사,063693,2018,
주식회사더블에이치렌탈,087339,2018/12,부동산업
주식회사더블유닛,081768,2018/12,건설업
주식회사더블유미션,079256,2018/12,도매 및 소매업
주식회사더블유스퀘어광교,080876,2018/12,부동산업
주식회사더블유아이씨(WIC),077109,2018/12,부동산업
주식회사더블유앤홀딩스,078468,2018/12,도매 및 소매업
주식회사더블유에스미트글로벌,060018,2018,
주식회사더블유에스아이,086581,2018/12,도매 및 소매업
주식회사더블유에이치산업,085142,2018/12,부동산업
주식회사더블유에프,063311,2018,
주식회사더블유엠홀딩스,061464,2018/12,부동산업
주식회사더블유종합건설,074740,2018,
주식회사더블유컨셉코리아,081363,2018/12,도매 및 소매업
주식회사더블유케이홀딩스,089347,2018/12,부동산업
주식회사더블유투,087462,2018/12,숙박 및 음식점업
주식회사더비이피앤코,047458,2018,
주식회사더비트컴퍼니,069215,2018,
주식회사더샘인터내셔날,060468,2018/12,도매 및 소매업
주식회사더순수,082270,2018/12,제조업
주식회사더스마츠,070963,2018,
주식회사더스타,066671,2018,
주식회사더스테이제주,088087,2018/12,부동산업
주식회사더스토리컴퍼니,076995,2018/12,숙박 및 음식점업
주식회사더시드그룹,090599,2018/12,"전문, 과학 및 기술 서비스업"
주식회사더시티,084966,2018/12,건설업
주식회사더신화,040783,2018,
주식회사더아크홀딩스,072866,2018,
주식회사더에듀케이션,071144,2018/12,교육 서비스업
주식회사더에스와이지연구원,081588,2018,
주식회사더에코,087141,2018/12,부동산업
주식회사더엘스,091929,2018/12,부동산업
주식회사더우주,083295,2018,
주식회사더원,090513,2018/12,부동산업
주식회사더원건설,090483,2018/12,건설업
주식회사더원건설,074107,2018,
주식회사더원글로벌,078916,2018,
주식회사더원아이디,076684,2018/12,부동산업
주식회사더원에너지,079425,2018/12,도매 및 소매업
주식회사더원플러스,077761,2018,
주식회사더위드,091620,2018/12,부동산업
주식회사더유니온,051747,2018/12,부동산업
주식회사더유니크,089562,2018/12,부동산업
주식회사더유제약,089388,2018/12,도매 및 소매업
주식회사더이스트,081573,2018/12,부동산업
주식회사더제이퍼스트,091292,2018/12,부동산업
주식회사더조은미래,047404,2018,
주식회사더존비앤에프,051532,2018/12,정보통신업
주식회사더존시스템,088175,2018/12,제조업
주식회사더존이앤씨,073883,2018,
주식회사더존하우스,085074,2018/12,건설업
주식회사더존홀딩스,038877,2018/12,정보통신업
주식회사더좋은디앤씨,046842,2018/12,부동산업
주식회사더채움,085980,2018/12,부동산업
주식회사더청명,087298,2018/12,부동산업
주식회사더케이디,088234,2018/12,부동산업
주식회사더켐,085999,2018/12,도매 및 소매업
주식회사더클래식호텔,073041,2018/12,숙박 및 음식점업
주식회사더파인트리,051669,2018,
주식회사더파크모터스,081191,2018/12,도매 및 소매업
주식회사더파티,081121,2018/12,"전문, 과학 및 기술 서비스업"
주식회사더퍼스트타워,082013,2018/12,부동산업
주식회사더퍼스트타워쓰리,083419,2018/12,부동산업
주식회사더퍼스트타워투,081807,2018/12,부동산업
주식회사더페이스,060813,2018,
주식회사더포그레이스호텔앤리조트,073273,2018/12,숙박 및 음식점업
주식회사더풋샵컴퍼니,092231,2018/12,"사업시설 관리, 사업 지원 및 임대 서비스업"
주식회사더프라임개발,077982,2018,
주식회사더프레임종합건설,089215,2018/12,건설업
주식회사더피알커뮤니케이션,090368,2018/12,"전문, 과학 및 기술 서비스업"
주식회사더하임,069144,2018/12,부동산업
주식회사더한,039207,2018/12,숙박 및 음식점업
주식회사더함,069696,2018/12,부동산업
주식회사덕경,072982,2018/12,"협회 및 단체, 수리 및 기타 개인 서비스업"
주식회사덕경,041498,2018/12,건설업
주식회사덕림제주샹그릴라호텔,069105,2018/12,숙박 및 음식점업
주식회사덕명,074556,2018/12,제조업
주식회사덕산,078280,2018/12,제조업
주식회사덕산,085154,2018/12,제조업
주식회사덕산금속,061542,2018,
주식회사덕산산업개발,059797,2018/12,부동산업
주식회사덕산식품,080222,2018/12,제조업
주식회사덕산헬스케어,087500,2018/12,부동산업
주식회사덕성,069076,2018/12,부동산업
주식회사덕성지디씨,092016,2018/12,부동산업
주식회사덕성하이텍,017699,2018/12,제조업
주식회사덕송,077075,2018/12,부동산업
주식회사덕수건설,044637,2018,
주식회사덕수인터내셔널,061207,2018/12,도매 및 소매업
주식회사덕스,045478,2018/12,제조업
주식회사덕신빌딩,083126,2018/12,부동산업
주식회사덕양,073395,2018/12,부동산업
주식회사덕양,010591,2018/12,제조업
주식회사덕양상사,059260,2018,
주식회사덕양케미칼,085004,2018/12,제조업
주식회사덕영종합건설,041715,2018/12,건설업
주식회사덕용푸드시스템,062155,2018/12,숙박 및 음식점업
주식회사덕원,081867,2018/12,부동산업
주식회사덕원산업,077139,2018/12,제조업
주식회사덕원이앤씨,069468,2018/12,건설업
주식회사덕유,085201,2018/12,제조업
주식회사덕유개발,066799,2018,
주식회사덕은,071132,2018,
주식회사덕은개발,089490,2018/12,부동산업
주식회사덕인,064115,2018,
주식회사덕인개발,069727,2018,
주식회사덕일,029739,2018/12,건설업
주식회사덕진,048335,2018/12,제조업
주식회사덕진개발,091027,2018/12,부동산업
주식회사덕천기연,089814,2018/12,제조업
주식회사데니앤씨씨컴퍼니,090085,2018/12,정보통신업
주식회사데몬스,069827,2018,
주식회사데미안,013949,2018/12,제조업
주식회사데이드림엔터테인먼트,086582,2018/12,정보통신업
주식회사데이타솔루션,062330,2018,
주식회사데이타존,030266,2018/12,제조업
주식회사데일리,088363,2018/12,"사업시설 관리, 사업 지원 및 임대 서비스업"
주식회사데일리굿푸드시스템,073548,2018/12,제조업
주식회사데일리인텔리전스,087832,2018/12,정보통신업
주식회사데코뷰,085094,2018/12,제조업
주식회사데코원,067266,2018/12,제조업
주식회사덱스레보,085909,2018/12,"전문, 과학 및 기술 서비스업"
주식회사덱코,074797,2018,
주식회사덴몰,070369,2018/12,도매 및 소매업
주식회사덴츠맥거리보웬,017129,2018/12,"전문, 과학 및 기술 서비스업"
주식회사덴츠엑스,060552,2018/12,"전문, 과학 및 기술 서비스업"
주식회사델로스,072989,2018,
주식회사델리스,058403,2018,
주식회사델리스,065816,2018/12,제조업
주식회사델리원,086726,2018/12,제조업
주식회사델리팜,063901,2018/06,도매 및 소매업
주식회사델몬트음료,090822,2018/12,도매 및 소매업
주식회사델코코,083297,2018/12,제조업
주식회사델타,077124,2018/12,"협회 및 단체, 수리 및 기타 개인 서비스업"
주식회사도갑,083231,2018/12,부동산업
주식회사도건디피씨,067968,2018/12,부동산업
주식회사도경,091476,2018/12,숙박 및 음식점업
주식회사도경,092237,2018/12,부동산업
주식회사도경개발,076154,2018/12,부동산업
주식회사도고칸트리구락부,017709,2018/12,"예술, 스포츠 및 여가관련 서비스업"
주식회사도남에스테이트,073365,2018,
주식회사도남익,063065,2018/12,정보통신업
주식회사도도관광호텔,049883,2018,
주식회사도도렌트카,083224,2018/12,"사업시설 관리, 사업 지원 및 임대 서비스업"
주식회사도드람에프씨,089981,2018/12,도매 및 소매업
주식회사도드람푸드시스템,089953,2018/12,제조업
주식회사도들샘,052617,2018/12,제조업
주식회사도로메,082161,2018,
주식회사도림,077531,2018,
주식회사도림티앤씨,082080,2018/12,부동산업
주식회사도서출판삼성당,017712,2018,
주식회사도스코,043061,2018/12,제조업
주식회사도시개발수,090547,2018/12,부동산업
주식회사도시공간에셋,059596,2018,
주식회사도시공감,082029,2018/12,건설업
주식회사도시미감,090272,2018/12,부동산업
주식회사도시미학디앤씨,092423,2018/12,부동산업
주식회사도시비젼,030255,2018,
주식회사도시생각,049461,2018/12,건설업
주식회사도시인,082756,2018/12,부동산업
주식회사도시인코리아,090844,2018/12,부동산업
주식회사도시창조디엔씨,085090,2018/12,부동산업
주식회사도시환경종합건축사사무소,071030,2018/12,"전문, 과학 및 기술 서비스업"
주식회사도심속풍경,082775,2018,
주식회사도암엔지니어링,061995,2018/12,"전문, 과학 및 기술 서비스업"
주식회사도약,049000,2018/12,"협회 및 단체, 수리 및 기타 개인 서비스업"
주식회사도연이앤디,070778,2018,
주식회사도예,088179,2018/12,부동산업
주식회사도오리,085236,2018/12,부동산업
주식회사도요인터내쇼날,068399,2018/06,도매 및 소매업
주식회사도우이앤씨,085232,2018/12,부동산업
주식회사도원개발,091656,2018/12,부동산업
주식회사도원건설,017605,2018,
주식회사도원기술단,052694,2018,
주식회사도원농산,066699,2018/12,"농업, 임업 및 어업"
주식회사도원주택개발,087593,2018/12,부동산업
주식회사도은,067281,2018/12,제조업
주식회사도은,091248,2018/12,부동산업
주식회사도일에코텍,062219,2018,
주식회사도현,061375,2018/12,부동산업
주식회사도현,053518,2018/12,제조업
주식회사도현,082386,2018,
주식회사도현디앤씨,083509,2018/12,부동산업
주식회사도형건설,075769,2018/12,건설업
주식회사도호지디씨,078477,2018,
주식회사독립문,027076,2018/12,제조업
주식회사돈앤돈,065098,2018,
주식회사돈피엠,090225,2018/12,부동산업
주식회사돌담,017715,2018/12,제조업
주식회사돌마,084793,2018/12,부동산업
주식회사돌탑,065077,2018,
주식회사동강개발,086494,2018/12,부동산업
주식회사동강레저,066729,2018/12,"사업시설 관리, 사업 지원 및 임대 서비스업"
주식회사동강시스타,048660,2018/12,숙박 및 음식점업
주식회사동건이노베이션,078150,2018/12,부동산업
주식회사동경,047055,2018,
주식회사동광,056940,2018/12,제조업
주식회사동광,017716,2018/12,부동산업
주식회사동광개발,041661,2018/12,숙박 및 음식점업
주식회사동광레이저,071244,2018/12,제조업
주식회사동광명품도어,074468,2018/12,제조업
주식회사동광스포츠센타,061935,2018,
주식회사동광인터내셔날,013994,2018/12,제조업
주식회사동광피엔비,068782,2018,
주식회사동구건설,077231,2018/12,건설업
주식회사동구바이오제약,017718,2018,
주식회사동국산기,066400,2018/12,부동산업
주식회사동국아이엔티,078110,2018,
주식회사동군,063442,2018/12,"예술, 스포츠 및 여가관련 서비스업"
주식회사동그랑,061479,2018/12,도매 및 소매업
주식회사동남,014019,2018/12,제조업
주식회사동남,056971,2018/12,광업
주식회사동남,072839,2018/12,도매 및 소매업
주식회사동남,026301,2018/12,"농업, 임업 및 어업"
주식회사동남,026300,2018/12,제조업
주식회사동남,017719,2018/12,제조업
주식회사동남KTC,069742,2018/12,제조업
주식회사동남개발,063867,2018,
주식회사동남개발,078953,2018,
주식회사동남금속,058456,2018/12,도매 및 소매업
주식회사동남엘리베이터,061496,2018/12,"사업시설 관리, 사업 지원 및 임대 서비스업"
주식회사동남테크,077767,2018/12,도매 및 소매업
주식회사동림,014045,2018/12,제조업
주식회사동림스틸,068955,2018/12,도매 및 소매업
주식회사동림양말,056754,2018,
주식회사동마,090827,2018/12,건설업
주식회사동명,077013,2018/12,도매 및 소매업
주식회사동명상선,064628,2018,
주식회사동명전자,063350,2018,
주식회사동문,080738,2018/12,부동산업
주식회사동방,017721,2018/12,제조업
주식회사동방관광호텔,017722,2018,
주식회사동방마린,085923,2018/12,건설업
주식회사동방물류센터,058883,2018,
주식회사동방코스메틱,085139,2018/12,제조업
주식회사동방푸드마스타,061829,2018/12,제조업
주식회사동방플라스틱,069136,2018/12,제조업
주식회사동백,089468,2018/12,부동산업
주식회사동백테라스파크,081127,2018/12,부동산업
주식회사동보,087129,2018/12,부동산업
주식회사동보,017723,2018/12,제조업
주식회사동보개발,086126,2018/12,부동산업
주식회사동본,074562,2018,
주식회사동부고속,080183,2018/12,운수 및 창고업
주식회사동부디앤씨,077766,2018,
주식회사동부레저,087703,2018/12,"예술, 스포츠 및 여가관련 서비스업"
주식회사동부산컨트리클럽,017725,2018/12,"예술, 스포츠 및 여가관련 서비스업"
주식회사동부산홀딩스,079446,2018/12,"협회 및 단체, 수리 및 기타 개인 서비스업"
주식회사동부스틸,063943,2018/12,"수도, 하수 및 폐기물 처리, 원료 재생업"
주식회사동부에너지,068031,2018/12,"전기, 가스, 증기 및 공기조절 공급업"
주식회사동부엘이디,064269,2018,
주식회사동부주택,078014,2018,
주식회사동산,061328,2018,
주식회사동산빌딩,067776,2018/12,부동산업
주식회사동산시앤시,065171,2018/12,부동산업
주식회사동서개발,017727,2018/12,건설업
주식회사동서건설,073207,2018/12,부동산업
주식회사동서디에스,049143,2018/12,부동산업
주식회사동서산업,066632,2018/12,제조업
주식회사동서에셋,048720,2018,
주식회사동서전자,047360,2018/12,제조업
주식회사동서테크,053155,2018,
주식회사동서투자개발,081290,2018/12,부동산업
주식회사동성,091151,2018/12,건설업
주식회사동성,069921,2018,
주식회사동성갤러리아,069688,2018/12,부동산업
주식회사동성건설,080422,2018,
주식회사동성교역,086570,2018/12,부동산업
주식회사동성노블리,078612,2018/12,건설업
주식회사동성디앤씨,090383,2018/12,부동산업
주식회사동성로씨앤디,077082,2018/12,부동산업
주식회사동성물류,088242,2018/12,운수 및 창고업
주식회사동성산업개발,087554,2018/12,부동산업
주식회사동성씨-테크,014120,2018,
주식회사동성진흥,017734,2018/12,제조업
주식회사동성타워,091707,2018/12,부동산업
주식회사동성티씨에스,044428,2018/12,제조업
주식회사동승,017735,2018,
주식회사동승,014122,2018/12,부동산업
주식회사동승골프앤리조트,018401,2018/12,"예술, 스포츠 및 여가관련 서비스업"
주식회사동승통상,028383,2018/12,도매 및 소매업
주식회사동신프라텍,062432,2018/12,제조업
주식회사동아,085371,2018/12,제조업
주식회사동아,077488,2018/12,제조업
주식회사동아금속,041519,2018/12,제조업
주식회사동아기술공사,014142,2018/12,"전문, 과학 및 기술 서비스업"
주식회사동아데칼,053874,2018/12,제조업
주식회사동아디앤씨,078285,2018/12,부동산업
주식회사동아레미콘,017737,2018/12,제조업
주식회사동아메디칼,085383,2018/12,도매 및 소매업
주식회사동아스포츠센터,060990,2018/12,"예술, 스포츠 및 여가관련 서비스업"
주식회사동아식품,078108,2018/12,제조업
주식회사동아씨네,074669,2018/12,정보통신업
주식회사동아에스앤티,068793,2018/12,제조업
주식회사동아인슈,089043,2018/12,제조업
주식회사동아일렉콤,014156,2018/12,제조업
주식회사동아일보사,017740,2018/12,정보통신업
주식회사동아중공업,053703,2018,
주식회사동아특강,052679,2018/12,도매 및 소매업
주식회사동아푸드,053656,2018,
주식회사동아홀딩스,060661,2018/12,"전문, 과학 및 기술 서비스업"
주식회사동안산기,085053,2018/12,제조업
주식회사동암,069913,2018/12,"전문, 과학 및 기술 서비스업"
주식회사동암씨티,059524,2018/12,부동산업
주식회사동앤유,087033,2018/12,부동산업
주식회사동양,067117,2018/12,제조업
주식회사동양,087565,2018/12,제조업
주식회사동양건축사사무소,060595,2018/12,"전문, 과학 및 기술 서비스업"
주식회사동양공조,065053,2018/12,제조업
주식회사동양관광레저,092345,2018/12,"예술, 스포츠 및 여가관련 서비스업"
주식회사동양기업,063655,2018/12,제조업
주식회사동양동탄주택,080573,2018/12,부동산업
주식회사동양레저,017744,2018/12,"예술, 스포츠 및 여가관련 서비스업"
주식회사동양메탈,072266,2018/12,제조업
주식회사동양비젼,046829,2018,
주식회사동양산기,071273,2018/12,제조업
주식회사동양산업개발,073720,2018/12,건설업
주식회사동양식품,017746,2018/09,제조업
주식회사동양이엔씨,081835,2018/12,건설업
주식회사동양이엠텍,069447,2018,
주식회사동양이화,045262,2018/12,제조업
주식회사동양인더스트리,088907,2018/12,제조업
주식회사동양전기산업,090670,2018/12,제조업
주식회사동양정공,046740,2018/12,제조업
주식회사동양정밀가스켓,083203,2018/12,제조업
주식회사동양주택개발,072469,2018/12,부동산업
주식회사동양팰리스,082804,2018/12,부동산업
주식회사동양피엘티,046095,2018/12,제조업
주식회사동양해운,073858,2018,
주식회사동양화공기계,045599,2018/12,제조업
주식회사동양화인개발,078294,2018/12,부동산업
주식회사동연레저,065084,2018/12,부동산업
주식회사동연산업,040726,2018,
주식회사동연시니어스,048140,2018,
주식회사동연엘시엠,075927,2018/12,부동산업
주식회사동연테크,080114,2018/12,제조업
주식회사동연플러스,089068,2018/12,부동산업
주식회사동영물산,017749,2018/12,제조업
주식회사동영이엔지,017751,2018/12,제조업
주식회사동영코엘스,056629,2018,
주식회사동오산업개발,070102,2018/12,부동산업
주식회사동우,023225,2018/12,부동산업
주식회사동우글로벌,059144,2018,
주식회사동우디앤씨,086453,2018/12,부동산업
주식회사동우디엔씨,086063,2018/12,부동산업
주식회사동우에너지소재,067863,2018/12,제조업
주식회사동우유니온,045367,2018/12,부동산업
주식회사동우전자,090118,2018/12,제조업
주식회사동우테크,081253,2018/12,제조업
주식회사동우홀딩스,082818,2018/12,부동산업
주식회사동울산마트,072431,2018/12,도매 및 소매업
주식회사동원,039835,2018/12,제조업
주식회사동원,030026,2018/12,제조업
주식회사동원데어리푸드,038717,2018,
주식회사동원디앤씨,091847,2018/12,부동산업
주식회사동원랜드상가원,062569,2018,
주식회사동원랜드상가투,062568,2018,
주식회사동원산업,074712,2018/12,숙박 및 음식점업
주식회사동원섬유산업,076789,2018/12,제조업
주식회사동원씨앤디,089751,2018/12,부동산업
주식회사동원아이팜,018031,2018/12,도매 및 소매업
주식회사동원약품,017755,2018/12,도매 및 소매업
주식회사동원에이에이취이,086891,2018/12,제조업
주식회사동원이노렉스,074662,2018,
주식회사동원중공업,052087,2018,
주식회사동원코퍼레이션,081036,2018/12,제조업
주식회사동원파츠,056970,2018/12,제조업
주식회사동원하이텍,066196,2018/12,제조업
주식회사동원해사랑,043585,2018/12,"농업, 임업 및 어업"
주식회사동원헬스케어,017452,2018/12,도매 및 소매업
주식회사동유,086982,2018/12,건설업
주식회사동유인베스트먼트,070807,2018/12,"전문, 과학 및 기술 서비스업"
주식회사동유파트너스,074506,2018/12,운수 및 창고업
주식회사동은씨앤티,058054,2018/12,제조업
주식회사동은테크,085073,2018/12,제조업
주식회사동의건설,090702,2018/12,부동산업
주식회사동인,040055,2018/12,제조업
주식회사동인,077731,2018/12,건설업
주식회사동인개발,052541,2018/12,부동산업
주식회사동인광학,063353,2018/12,제조업
주식회사동인산업,077418,2018/12,제조업
주식회사동인스포츠,077813,2018/12,제조업
주식회사동인커머스,077788,2018,
주식회사동인코퍼레이션,014256,2018/12,"전문, 과학 및 기술 서비스업"
주식회사동인홀딩스,085590,2018/12,부동산업
주식회사동일,053300,2018/12,건설업
주식회사동일공사,076455,2018/12,제조업
주식회사동일기술공사,017765,2018/12,"전문, 과학 및 기술 서비스업"
주식회사동일기업,064641,2018,
주식회사동일디앤에스,069343,2018/12,부동산업
주식회사동일브레이징,073974,2018/12,제조업
주식회사동일청주개신피에프브이,088652,2018/12,부동산업
주식회사동일토건,010760,2018/12,건설업
주식회사동일홀딩스,017762,2018/12,건설업
주식회사동주,084783,2018/12,숙박 및 음식점업
주식회사동주,017770,2018/12,제조업
주식회사동주디앤엠,060833,2018/12,부동산업
주식회사동진건설산업,017772,2018/12,건설업
주식회사동진글로벌,082748,2018/12,부동산업
주식회사동진레미콘,049633,2018/12,제조업
주식회사동진로지텍,082101,2018/12,제조업
주식회사동진리얼티,030134,2018/12,부동산업
주식회사동진산업개발,077257,2018/12,부동산업
주식회사동진상사,017775,2018/12,제조업
주식회사동진씨앤피,085241,2018/12,제조업
주식회사동진아이앤드디,077684,2018/12,부동산업
주식회사동진에프앤씨,077569,2018/12,제조업
주식회사동진오토텍,066825,2018/12,운수 및 창고업
주식회사동진테크윈,039757,2018/12,제조업
주식회사동참,067820,2018,
주식회사동창주택,078698,2018/12,부동산업
주식회사동천개발,077259,2018/12,부동산업
주식회사동천개발,092239,2018/12,부동산업
주식회사동천디앤시,092248,2018/12,부동산업
주식회사동천디앤씨,065823,2018,
주식회사동천수,076693,2018/12,제조업
주식회사동철,058789,2018,
주식회사동탄2원주민상가개발,074175,2018/12,부동산업
주식회사동탄2제이호대토개발전문위탁관리부동산투자회사,072286,2018,
주식회사동탄2제일호대토위탁관리부동산투자회사,077299,2018,
주식회사동탄빌,047934,2018,
주식회사동탄이엔지,085776,2018/12,제조업
주식회사동편상가,066734,2018,
주식회사동평,086575,2018/12,부동산업
주식회사동하,066492,2018/12,도매 및 소매업
주식회사동해그린에너지,051295,2018,
주식회사동해리조트,056675,2018/12,부동산업
주식회사동해이앤씨,070029,2018/12,건설업
주식회사동행물산,085600,2018/12,도매 및 소매업
주식회사동현스틸,066894,2018,
주식회사동현정밀,075981,2018/12,제조업
주식회사동형티이엠,062026,2018/12,도매 및 소매업
주식회사동호,013247,2018,
주식회사동호디에이치,077089,2018/12,부동산업
주식회사동화T.C.A,048343,2018/12,제조업
주식회사동화건설,042976,2018/12,건설업
주식회사동화기연,048196,2018/12,제조업
주식회사동화레져,085108,2018/12,"예술, 스포츠 및 여가관련 서비스업"
주식회사동화면세점,010270,2018/12,도매 및 소매업
주식회사동화사,045460,2018,
주식회사동화세상에듀코,051646,2018/12,교육 서비스업
주식회사동화씨마,043244,2018,
주식회사동화엔텍(구:주식회사동화정기),026312,2018/12,제조업
주식회사동화이십일,089051,2018/12,도매 및 소매업
주식회사동화주택,014328,2018/12,건설업
주식회사동효,041473,2018/12,운수 및 창고업
주식회사동훈,017781,2018/12,부동산업
주식회사동흥,046666,2018,
주식회사동흥이엔지,089883,2018/12,부동산업
주식회사두강건설,073989,2018/12,건설업
주식회사두경산업,083459,2018/12,제조업
주식회사두광산업개발,039706,2018,
주식회사두드림,082495,2018/12,도매 및 소매업
주식회사두레,067725,2018/12,제조업
주식회사두레,086264,2018/12,숙박 및 음식점업
주식회사두레이엔지,065129,2018,
주식회사두레콤,053698,2018,
주식회사두루셀텍,087796,2018/12,제조업
주식회사두리씨엔디,091222,2018/12,부동산업
주식회사두리철강,063723,2018/12,제조업
주식회사두발가스엔지니어링,041001,2018/12,제조업
주식회사두백,017786,2018/12,제조업
주식회사두베스트,017787,2018/12,도매 및 소매업
주식회사두본,039097,2018/12,제조업
주식회사두빅,065824,2018,
주식회사두산커머셜엔진,050534,2018/12,제조업
주식회사두성코리아,072654,2018/12,제조업
주식회사두성특장차,014358,2018/12,제조업
주식회사두솔,042300,2018/12,제조업
주식회사두암주택,070895,2018,
주식회사두양리미티드,040304,2018/12,운수 및 창고업
주식회사두양주택,042325,2018/12,부동산업
주식회사두영건설,085093,2018/12,건설업
주식회사두오텍,089233,2018/12,제조업
주식회사두올산업개발,069656,2018,
주식회사두용산업개발,071332,2018,
주식회사두용종합건설,083470,2018/12,건설업
주식회사두용주택,088021,2018/12,부동산업
주식회사두원,070974,2018/12,제조업
주식회사두원,026314,2018/12,도매 및 소매업
주식회사두원건설,091111,2018/12,부동산업
주식회사두원공조,023392,2018/12,제조업
주식회사두원전자,014368,2018/12,제조업
주식회사두원홀딩스,068907,2018,
주식회사두이,041817,2018,
주식회사두인,086969,2018/12,제조업
주식회사두인터내셔날,082893,2018,
주식회사두일냉장,039099,2018,
주식회사두잇,074036,2018/12,부동산업
주식회사두진,081128,2018/12,부동산업
주식회사두진,017791,2018/12,건설업
주식회사두코,067674,2018/12,제조업
주식회사두호랑,091210,2018/12,부동산업
주식회사둘레성,082033,2018/12,부동산업
주식회사듀어코리아,026400,2018/12,건설업
주식회사듀이트리,091024,2018/12,도매 및 소매업
주식회사듀콘,058669,2018/12,도매 및 소매업
주식회사듀크린,090944,2018/12,제조업
주식회사듀크코리아,091633,2018/12,"전문, 과학 및 기술 서비스업"
주식회사드리머아이,058079,2018,
주식회사드림개발,085222,2018/12,부동산업
주식회사드림라인,085624,2018/12,부동산업
주식회사드림레미콘,066740,2018/12,제조업
주식회사드림모아,085766,2018/12,부동산업
주식회사드림빌코리아,086924,2018/12,부동산업
주식회사드림산업개발,061864,2018,
주식회사드림아스콘,057879,2018/12,제조업
주식회사드림에코하우징,086091,2018/12,건설업
주식회사드림원,072196,2018/12,부동산업
주식회사드림원에이치,062011,2018,
주식회사드림위즈,012486,2018,
주식회사드림이엔지,062071,2018/12,"전문, 과학 및 기술 서비스업"
주식회사드림즈컴트루,087797,2018/12,부동산업
주식회사드림켐테크놀로지,066041,2018/12,제조업
주식회사드림콘,081058,2018/12,제조업
주식회사드림타워,081241,2018/12,숙박 및 음식점업
주식회사드림팜,085744,2018/12,도매 및 소매업
주식회사드림펠리스,052517,2018,
주식회사드림포스디앤씨,087146,2018/12,부동산업
주식회사드올,038555,2018/12,운수 및 창고업
주식회사등대,087355,2018/12,부동산업
주식회사등부산업,091920,2018/12,"농업, 임업 및 어업"
주식회사디.에이치.케이,069587,2018/12,건설업
주식회사디.에이치.티,056963,2018,
주식회사디.와이.,049220,2018/12,숙박 및 음식점업
주식회사디노밴,038724,2018,
주식회사디더블유,080075,2018/12,제조업
주식회사디디고,080736,2018/12,도매 및 소매업
주식회사디디디,060428,2018/12,제조업
주식회사디디에이젼시,070382,2018,
주식회사디디티,089592,2018/12,부동산업
주식회사디디하우징,091854,2018/12,부동산업
주식회사디딤,076068,2018,
주식회사디라직,078534,2018/12,제조업
주식회사디랙스,074690,2018/12,제조업
주식회사디모아,053149,2018/12,도매 및 소매업
주식회사디벨러다임,046359,2018,
주식회사디비메탈,051052,2018/12,제조업
주식회사디비씨,059350,2018/12,부동산업
주식회사디비씨마린,067967,2018,
주식회사디비월드,016820,2018/12,"예술, 스포츠 및 여가관련 서비스업"
주식회사디비켐,024295,2018/12,제조업
주식회사디비홀딩스,069274,2018/12,"전문, 과학 및 기술 서비스업"
주식회사디섹로지스틱스,085657,2018/12,부동산업
주식회사디쉐어,085149,2018/12,정보통신업
주식회사디쓰리모터스,043995,2018/12,도매 및 소매업
주식회사디씨엠그룹,047303,2018,
주식회사디씨이솔루션,059333,2018/12,제조업
주식회사디씨티와이,045423,2018/12,도매 및 소매업
주식회사디아이건설,017713,2018/12,건설업
주식회사디아이디,020726,2018/12,제조업
주식회사디아이디엔씨,085328,2018/12,부동산업
주식회사디아이씨,086225,2018/12,부동산업
주식회사디아이씨글로벌,081564,2018/12,"전문, 과학 및 기술 서비스업"
주식회사디아이씨한동,087962,2018/12,부동산업
주식회사디아이알,010265,2018,
주식회사디아이테크,067574,2018,
주식회사디아이플로(DIFLOINC.),084974,2018/12,제조업
주식회사디아타,065138,2018,
주식회사디아틀리에,078416,2018,
주식회사디안종합건설,089442,2018/12,건설업
주식회사디알레보텍,092124,2018/12,제조업
주식회사디알씨대진,078687,2018,
주식회사디앤비컴퍼니,051431,2018/12,도매 및 소매업
주식회사디앤에스,079014,2018,
주식회사디앤엘에이엠씨,080944,2018/12,부동산업
주식회사디앤와이,080451,2018/12,부동산업
주식회사디앤제이,074473,2018/12,부동산업
주식회사디앤케이코리아,085686,2018/12,도매 및 소매업
주식회사디어스엠,066546,2018/12,제조업
주식회사디에스,087821,2018/12,부동산업
주식회사디에스21,091548,2018/12,제조업
주식회사디에스개발,082744,2018/12,부동산업
주식회사디에스루원피에프브이,085854,2018/12,부동산업
주식회사디에스산업,092295,2018/12,부동산업
주식회사디에스세미콘,081696,2018/12,제조업
주식회사디에스아이브이,045794,2018,
주식회사디에스아트홀,065059,2018,
주식회사디에스알인터내셔널,089890,2018/12,도매 및 소매업
주식회사디에스앤지,086763,2018/12,도매 및 소매업
주식회사디에스에스에프앤비,088875,2018/12,"협회 및 단체, 수리 및 기타 개인 서비스업"
주식회사디에스엔프라,074683,2018/12,"수도, 하수 및 폐기물 처리, 원료 재생업"
주식회사디에스원,086898,2018/12,제조업
주식회사디에스이,046436,2018/12,제조업
주식회사디에스이엔지,070184,2018,
주식회사디에스일렉트론,060931,2018,
주식회사디에스제이,073389,2018/12,운수 및 창고업
주식회사디에스티,052271,2018/12,제조업
주식회사디에스티,092195,2018/12,부동산업
주식회사디에스티개발,081646,2018/12,부동산업
주식회사디에스티아이,087579,2018/12,"전문, 과학 및 기술 서비스업"
주식회사디에스팩,077859,2018,
주식회사디에스피원,079015,2018/12,제조업
주식회사디에스해피,073579,2018,
주식회사디에이건설,017742,2018/12,건설업
주식회사디에이그룹엔지니어링종합건축사사무소,053866,2018/12,"전문, 과학 및 기술 서비스업"
주식회사디에이비피,070950,2018/12,도매 및 소매업
주식회사디에이치개발,085847,2018/12,부동산업
주식회사디에이치개발,077844,2018/12,부동산업
주식회사디에이치글로벌,076567,2018/12,제조업
주식회사디에이치씨,073784,2018/12,제조업
주식회사디에이치씨코리아아이엔씨,042257,2018,
주식회사디에이치아이,048967,2018/12,제조업
주식회사디에이치아이,066973,2018,
주식회사디에이치에스,090097,2018/12,부동산업
주식회사디에이치에이치아이,013916,2018/12,제조업
주식회사디에이치이노렉스,048781,2018/12,제조업
주식회사디에이치정공,077574,2018/12,제조업
주식회사디에이치테크,059251,2018/12,제조업
주식회사디에이치프라퍼티원,092165,2018/12,건설업
주식회사디에이치플러스,067285,2018/12,부동산업
주식회사디에이치피코리아,056654,2018,
주식회사디에이치하이드록스,064983,2018/12,제조업
주식회사디에프엘,085283,2018/12,부동산업
주식회사디엔개발,091650,2018/12,부동산업
주식회사디엔씨민은,082427,2018/12,부동산업
주식회사디엔에스,067808,2018,
주식회사디엔엘주택건설,049273,2018,
주식회사디엔코,067737,2018,
주식회사디엔텍,085840,2018/12,제조업
주식회사디엔피,070780,2018,
주식회사디엔피홀딩스,069258,2018/12,"전문, 과학 및 기술 서비스업"
주식회사디엘에스,083560,2018/12,도매 및 소매업
주식회사디엘에스플래닝,087305,2018/12,부동산업
주식회사디엘에이치아이,076404,2018/12,제조업
주식회사디엠글로벌,082681,2018/12,부동산업
주식회사디엠쉽핑,064561,2018/12,운수 및 창고업
주식회사디엠씨,083273,2018/12,제조업
주식회사디엠씨,014054,2018/12,제조업
주식회사디엠케이코리아,090521,2018/12,제조업
주식회사디엠피,059409,2018/12,부동산업
주식회사디엠홀딩스,082648,2018,
주식회사디오션시티쓰리,080626,2018/12,부동산업
주식회사디오션시티투,080613,2018/12,부동산업
주식회사디오엠하우징,064679,2018,
주식회사디오픈,046054,2018,
주식회사디올제약,076344,2018,
주식회사디와이메탈,092471,2018/12,제조업
주식회사디와이쉬핑,074495,2018,
주식회사디와이씨,081753,2018/12,제조업
주식회사디와이엠솔루션,041577,2018/12,제조업
주식회사디와이티,058532,2018/12,제조업
주식회사디와이프로퍼티,051227,2018/12,부동산업
주식회사디유넷,052411,2018/12,정보통신업
주식회사디자이너클럽,017800,2018,
주식회사디자인벤처스,059871,2018/12,제조업
주식회사디자인시티,053064,2018,
주식회사디자인웰,082454,2018/12,건설업
주식회사디자인주택건설,092209,2018/12,건설업
주식회사디자인통,070346,2018/12,부동산업
주식회사디자인파크개발,051313,2018/12,제조업
주식회사디젠,046440,2018/12,제조업
주식회사디지비유페이,060718,2018/12,금융 및 보험업
주식회사디지웍스,077378,2018/12,정보통신업
주식회사디지웍스,053708,2018/12,"전문, 과학 및 기술 서비스업"
주식회사디지타스,089491,2018/12,제조업
주식회사디지털스트림테크놀로지,039280,2018,
주식회사디지티,053500,2018/12,제조업
주식회사디지파츠,070485,2018/12,제조업
주식회사디케이,029330,2018/12,제조업
주식회사디케이개발,069316,2018/12,건설업
주식회사디케이그룹,082796,2018/12,부동산업
주식회사디케이디,064491,2018/12,부동산업
주식회사디케이랜드,077373,2018/12,부동산업
주식회사디케이리조트,046272,2018,
주식회사디케이물류,080960,2018/12,운수 및 창고업
주식회사디케이산업개발,080381,2018/12,부동산업
주식회사디케이씨,010552,2018/12,제조업
주식회사디케이씨,046665,2018/12,제조업
주식회사디케이씨앤디,077614,2018/12,부동산업
주식회사디케이씨에스,016936,2018/12,도매 및 소매업
주식회사디케이아시아,082236,2018/12,부동산업
주식회사디케이알인베스트먼트,081273,2018/12,정보통신업
주식회사디케이에너지,090274,2018/12,"전기, 가스, 증기 및 공기조절 공급업"
주식회사디케이엠,090857,2018/12,제조업
주식회사디케이텍인더스트리,080295,2018/12,제조업
주식회사디케이티,076611,2018,
주식회사디케이퍼스트,086556,2018/12,부동산업
주식회사디케이플러스,085641,2018/12,부동산업
주식회사디텍,091312,2018/12,제조업
주식회사디티씨,014024,2018/12,운수 및 창고업
주식회사디파트너스,091325,2018/12,부동산업
주식회사디퍼이앤씨,062955,2018,
주식회사디퍼홀딩스,091088,2018/12,정보통신업
주식회사디피엘,017704,2018/12,운수 및 창고업
주식회사디피엠테크,070584,2018/12,제조업
주식회사디핀다트코리아,042940,2018/12,제조업
주식회사디허브,081848,2018/12,부동산업
주식회사딜넷,051815,2018/12,부동산업
주식회사딜던쉐어즈,080941,2018/12,금융 및 보험업
주식회사딜라이브,016107,2018/12,정보통신업
주식회사딜라이트,085655,2018/12,부동산업
주식회사딤채홀딩스,073225,2018/12,제조업
주식회사딥노이드,087625,2018/12,정보통신업
주식회사떡보의하루,087191,2018/12,도매 및 소매업
주식회사떡파는사람들,082056,2018/12,제조업
주식회사뚝심,086365,2018/12,숙박 및 음식점업
주식회사뚱발420,087853,2018/12,부동산업
주식회사뜨래별,067994,2018,
주식회사라까사웍스,091717,2018/12,숙박 및 음식점업
주식회사라데빵스,050394,2018,
주식회사라도,082320,2018/12,건설업
주식회사라도,058621,2018/12,"예술, 스포츠 및 여가관련 서비스업"
주식회사라디안브리스,073020,2018/12,부동산업
주식회사라디안큐바이오,089618,2018/12,제조업
주식회사라루체개발,069855,2018/12,부동산업
주식회사라메종,078920,2018,
주식회사라바꼬레아,080791,2018/12,숙박 및 음식점업
주식회사라비오뜨,082042,2018/12,도매 및 소매업
주식회사라비채,049602,2018,
주식회사라성,017804,2018/12,도매 및 소매업
주식회사라스플로레스,082255,2018/12,부동산업
주식회사라오가닉,090810,2018/12,제조업
주식회사라온디엔씨,064994,2018/12,부동산업
주식회사라온제나,090015,2018/12,부동산업
주식회사라온축산유통,067516,2018,
주식회사라온홀딩스,089383,2018/12,부동산업
주식회사라움,087548,2018/12,"협회 및 단체, 수리 및 기타 개인 서비스업"
주식회사라움피에프브이,084808,2018/12,부동산업
주식회사라이나금융서비스,076849,2018/12,금융 및 보험업
주식회사라이브론,069934,2018/12,도매 및 소매업
주식회사라이언게임즈,072475,2018/12,정보통신업
주식회사라이언인터내셔널,087026,2018/12,"전문, 과학 및 기술 서비스업"
주식회사라이온브리지테크놀로지스코리아,044620,2018/12,정보통신업
주식회사라이즈에듀케이션코리아,088417,2018/03,교육 서비스업
주식회사라이트리움,074616,2018,
주식회사라이프시맨틱스,086822,2018/12,정보통신업
주식회사라이프플러스,085380,2018/12,숙박 및 음식점업
주식회사라인개발,051207,2018/12,건설업
주식회사라인건설,030016,2018/12,건설업
주식회사라인물류시스템,052609,2018/12,도매 및 소매업
주식회사라인바이린,086382,2018/12,제조업
주식회사라인앤프라임,072470,2018/12,부동산업
주식회사라인어스,085085,2018/12,제조업
주식회사라인엘하우징,063023,2018,
주식회사라임건설,077724,2018/12,건설업
주식회사라임주택,082174,2018/12,부동산업
주식회사라지,077445,2018/12,제조업
주식회사라컴텍,080584,2018/12,제조업
주식회사라코,046028,2018,
주식회사라코,073090,2018/12,제조업
주식회사라텍이엔지,082279,2018/12,건설업
주식회사라페트컴퍼니,087374,2018/12,도매 및 소매업
주식회사라한호텔,020433,2018/12,숙박 및 음식점업
주식회사라현,074226,2018/12,제조업
주식회사락앤크리에이티브,087546,2018/12,"전문, 과학 및 기술 서비스업"
주식회사랜드,089863,2018/12,부동산업
주식회사랜드로바,048975,2018/12,부동산업
주식회사랜드마스타,076066,2018,
주식회사랜드빌드,091334,2018/12,부동산업
주식회사랜드코퍼레이션,089375,2018/12,부동산업
주식회사랜드플러스,063343,2018,
주식회사랜디아,062451,2018,
주식회사랩,066140,2018/12,제조업
주식회사럭스코,058220,2018/12,제조업
주식회사럭키,074443,2018/12,부동산업
주식회사럭키산업,017806,2018/12,제조업
주식회사럭키엔프라,030694,2018/12,"수도, 하수 및 폐기물 처리, 원료 재생업"
주식회사레네테크,051761,2018,
주식회사레다즈,085270,2018/12,제조업
주식회사레덴시,056894,2018/12,부동산업
주식회사레드스퀘어,086993,2018/12,부동산업
주식회사레드원,090881,2018/12,부동산업
주식회사레드페이스,044614,2018/12,제조업
주식회사레모넥스,090778,2018/12,"전문, 과학 및 기술 서비스업"
주식회사레몬,070026,2018/12,제조업
주식회사레몬엔터테인먼트,078254,2018/12,정보통신업
주식회사레몬헬스케어,090873,2018/12,정보통신업
주식회사레몽,070108,2018,
주식회사레미타이트,080989,2018/12,제조업
주식회사레뱅드매일,068926,2018/12,도매 및 소매업
주식회사레비아텍,067272,2018,
주식회사레비코,059519,2018/12,부동산업
주식회사레스코,026319,2018,
주식회사레어메탈코리아,064095,2018,
주식회사레오포즈,082456,2018/12,제조업
주식회사레이,072252,2018/12,제조업
주식회사레이노빌,081815,2018,
주식회사레이노코리아,087201,2018/12,제조업
주식회사레이몽,040088,2018,
주식회사레이어드,076805,2018,
주식회사레이저플렉스,068924,2018/12,제조업
주식회사레이크인,039147,2018/12,숙박 및 음식점업
주식회사레인보우폴리스,067223,2018/12,부동산업
주식회사레저큐,092113,2018/12,"사업시설 관리, 사업 지원 및 임대 서비스업"
주식회사레전드파트너스,072500,2018,
주식회사레즐러,083227,2018/12,제조업
주식회사레진상사,080662,2018/12,도매 및 소매업
주식회사레진엔터테인먼트,080998,2018/12,정보통신업
주식회사렉스빌디앤씨,083238,2018,
주식회사렉스콘,045070,2018,
주식회사렌쥴리에듀테인먼트,088206,2018/12,도매 및 소매업
주식회사렙쇼메이,070795,2018/12,제조업
주식회사렙테크,051421,2018,
주식회사렛츠밀란커머스,081321,2018/12,도매 및 소매업
주식회사려원디엔씨,086846,2018/12,부동산업
주식회사로고스,085589,2018/12,부동산업
주식회사로그인종합건설,044805,2018,
주식회사로드,064918,2018,
주식회사로드인터내셔날,047154,2018,
주식회사로라,026320,2018,
주식회사로리에,090957,2018/12,제조업
주식회사로망,080473,2018/12,부동산업
주식회사로벤,057108,2018/12,제조업
주식회사로아,073986,2018/12,부동산업
주식회사로얄,082546,2018/12,부동산업
주식회사로얄블루인터내셔날,066881,2018/12,도매 및 소매업
주식회사로얄비엔비,010755,2018/12,제조업
주식회사로얄에셋,039004,2018,
주식회사로얄프레지던트,090309,2018/12,부동산업
주식회사로엄버컴퍼니,088885,2018/12,부동산업
주식회사로웰에프앤티,080243,2018,
주식회사로이,072789,2018/12,부동산업
주식회사로임,062188,2018,
주식회사로젠,077787,2018,
주식회사로지스밸리글로벌,089486,2018/12,운수 및 창고업
주식회사로지스밸리에스엘케이,089464,2018/12,운수 및 창고업
주식회사로지스코엘,073737,2018,
주식회사로커스,072493,2018/12,정보통신업
주식회사로쿠스,039328,2018/12,부동산업
주식회사로킷헬스케어,086904,2018/12,제조업
주식회사로터스101,092368,2018/12,"협회 및 단체, 수리 및 기타 개인 서비스업"
주식회사로텝하우징,081397,2018,
주식회사록,081797,2018/12,"예술, 스포츠 및 여가관련 서비스업"
주식회사록인제주,048716,2018/12,부동산업
주식회사록키,074753,2018/12,제조업
주식회사록팰,088085,2018/12,"전문, 과학 및 기술 서비스업"
주식회사롤링스톤,050847,2018,
주식회사롤포밍,085698,2018/12,제조업
주식회사롯데닷컴,014490,2018,
주식회사롯데아사히주류,051829,2018/12,도매 및 소매업
주식회사롯데햄,010282,2018,
주식회사루디아,076269,2018/12,제조업
주식회사루멘스홀딩스,063194,2018/12,금융 및 보험업
주식회사루미레즈코리아,077946,2018/12,도매 및 소매업
주식회사루브캠코리아,076628,2018/12,제조업
주식회사루스톤,072762,2018/12,숙박 및 음식점업
주식회사루쏘시스템,087751,2018/12,제조업
주식회사루체하임종합개발,089698,2018/12,부동산업
주식회사루첸리,059361,2018/12,도매 및 소매업
주식회사루첸리인터내셔널,067793,2018,
주식회사루튼,017811,2018/12,부동산업
주식회사루튼침대,053590,2018,
주식회사룩옵틱스,039477,2018/12,도매 및 소매업
주식회사류,067161,2018,
주식회사류진시티,082734,2018/12,부동산업
주식회사류진원개발,044474,2018,
주식회사르가든(LEGARDEN),078528,2018/12,건설업
주식회사르노삼성자동차사상정비사업소,082342,2018/12,"협회 및 단체, 수리 및 기타 개인 서비스업"
주식회사르담,067999,2018/12,건설업
주식회사르씨엘개발,084903,2018/12,건설업
주식회사리뉴테크,077323,2018/12,도매 및 소매업
주식회사리더산업개발,092302,2018/12,부동산업
주식회사리더스,053565,2018/12,"예술, 스포츠 및 여가관련 서비스업"
주식회사리더스,086554,2018/12,부동산업
주식회사리더스,082356,2018,
주식회사리더스뉴스테이,087209,2018/12,부동산업
주식회사리더스스타코리아,059560,2018/12,"예술, 스포츠 및 여가관련 서비스업"
주식회사리더스이엔지,084861,2018/12,제조업
주식회사리더스컨트리클럽,046531,2018/12,"예술, 스포츠 및 여가관련 서비스업"
주식회사리더스케미컬,015340,2018,
주식회사리더스틸,072869,2018,
주식회사리더스파트너스,077805,2018/12,부동산업
주식회사리드웨이,050241,2018,
주식회사리드파워,077157,2018/12,제조업
주식회사리로디드스튜디오,060692,2018,
주식회사리메르,041598,2018,
주식회사리버스(LIVEUS),087951,2018/12,제조업
주식회사리브로,014507,2018/12,도매 및 소매업
주식회사리비콘,086736,2018/12,제조업
주식회사리빙스톤코리아,071924,2018,
주식회사리산테크,082938,2018,
주식회사리샘,069452,2018/12,제조업
주식회사리솜웨이하이골프리조트,050309,2018,
주식회사리스컨설팅,074332,2018/12,부동산업
주식회사리스탑,047290,2018,
주식회사리스피엔씨,017812,2018,
주식회사리아타운,077655,2018/12,숙박 및 음식점업
주식회사리암아이앤씨,058049,2018,
주식회사리앤,082720,2018,
주식회사리앤신,091205,2018/12,부동산업
주식회사리앤한,038653,2018/12,제조업
주식회사리야드,091954,2018/12,도매 및 소매업
주식회사리어스,090285,2018/12,제조업
주식회사리얼스페이스,057309,2018,
주식회사리얼야구존,078167,2018/12,제조업
주식회사리오인더스트리,010145,2018/12,제조업
주식회사리온,085164,2018/12,제조업
주식회사리우메디움,089767,2018/12,부동산업
주식회사리움,087286,2018/12,건설업
주식회사리젠시빌건설,073505,2018/12,건설업
주식회사리젠시원,085278,2018/12,부동산업
주식회사리즈빌관광호텔,065172,2018,
주식회사리지스,052827,2018/12,제조업
주식회사리채,070898,2018/12,건설업
주식회사리챠드,062103,2018/12,"전문, 과학 및 기술 서비스업"
주식회사리챠드뷰티,067162,2018,
주식회사리체디앤씨,078537,2018/12,부동산업
주식회사리체바이오,083214,2018/12,도매 및 소매업
주식회사리츠파크,086769,2018/12,부동산업
주식회사리치개발,067881,2018,
주식회사리치개발,073800,2018/12,부동산업
주식회사리치몬드,076931,2018/12,숙박 및 음식점업
주식회사리치월드스포츠,078351,2018,
주식회사리치챠터링,059246,2018,
주식회사리치커뮤니케이션즈,064551,2018,
주식회사리치케이블코리아,030326,2018,
주식회사리치플러스,074621,2018/12,부동산업
주식회사리치홀딩스,081617,2018,
주식회사리코비즈,082843,2018,
주식회사리코엠엔에이,091105,2018/12,부동산업
주식회사리텍,073568,2018/12,제조업
주식회사리템,040080,2018/12,건설업
주식회사리트코,028983,2018/12,제조업
주식회사리파인,081752,2018/12,정보통신업
주식회사리프앤바인,069304,2018,
주식회사린,090129,2018/12,부동산업
주식회사림스코,058334,2018,
주식회사림스코,053408,2018/12,제조업
주식회사림스타워,076900,2018,
주식회사립멘,052535,2018/12,제조업
주식회사링스지엔씨,080532,2018/12,제조업
주식회사링크텍,046985,2018/12,제조업
주식회사마금,010373,2018,
주식회사마노,074230,2018,
주식회사마노디앤디,086441,2018/12,부동산업
주식회사마니커에프앤지,056561,2018/12,제조업
주식회사마당코리아,086157,2018/12,부동산업
주식회사마더스제약,077178,2018/12,제조업
주식회사마드리드,080527,2018/12,부동산업
주식회사마디,072663,2018/12,부동산업
주식회사마레누비움,080401,2018/12,숙박 및 음식점업
주식회사마론,045662,2018/12,도매 및 소매업
주식회사마루힐,087240,2018/12,건설업
주식회사마리소,049401,2018/12,도매 및 소매업
주식회사마린스인터내셔날,080504,2018,
주식회사마린텍,051166,2018/12,제조업
주식회사마마뜰,089385,2018/12,건설업
주식회사마마스푸드,086906,2018/12,제조업
주식회사마밴,087171,2018/12,도매 및 소매업
주식회사마산,050000,2018/12,제조업
주식회사마성상사,086780,2018/12,도매 및 소매업
주식회사마스컴,077020,2018,
주식회사마스터종합건설,082136,2018,
주식회사마스턴,086283,2018/12,부동산업
주식회사마스턴제10호기업구조조정부동산투자회사,075159,2018,
주식회사마스턴제8호한국일보피에프브이,072465,2018/12,부동산업
주식회사마스턴제십일호위탁관리부동산투자회사,075289,2018,
주식회사마이다스,067401,2018,
주식회사마이다스디앤지,057169,2018,
주식회사마이더스엠피,092385,2018/12,부동산업
주식회사마이뮤직테이스트,086563,2018/12,"예술, 스포츠 및 여가관련 서비스업"
주식회사마이비,021276,2018/12,금융 및 보험업
주식회사마이셀럽스,089597,2018/12,정보통신업
주식회사마이스터,058977,2018,
주식회사마이에트엔터테인먼트,064536,2018,
주식회사마이지놈박스,088653,2018/12,정보통신업
주식회사마이크로디지탈,081137,2018/12,제조업
주식회사마이크로원,071114,2018/12,제조업
주식회사마이크로프랜드,051116,2018,
주식회사마인드웨어？p스,087849,2018/12,정보통신업
주식회사마인드크립션,087911,2018/12,정보통신업
주식회사마인즈랩,085180,2018/12,정보통신업
주식회사마임,018228,2018/12,제조업
주식회사마제스타,066846,2018,
주식회사마창대교,043711,2018/12,"사업시설 관리, 사업 지원 및 임대 서비스업"
주식회사마츠호텔,081014,2018/12,부동산업
주식회사마케팅이즈,082337,2018/12,정보통신업
주식회사마켓디자이너스,091005,2018/12,교육 서비스업
주식회사마켓비,073253,2018/12,도매 및 소매업
주식회사마크로밀엠브레인,060863,2018/06,"전문, 과학 및 기술 서비스업"
주식회사마크애니,029250,2018/12,정보통신업
주식회사마크원테크놀로지,040277,2018/12,제조업
주식회사마크호텔,077732,2018/12,숙박 및 음식점업
주식회사마트킹,088072,2018/12,도매 및 소매업
주식회사마팔하이테코,052163,2018/12,도매 및 소매업
주식회사마하테크플러스,074530,2018/12,부동산업
주식회사만구,052916,2018/12,제조업
주식회사만도차이나홀딩스,065840,2018/12,"전문, 과학 및 기술 서비스업"
주식회사만석닭강정,080563,2018,
주식회사만선홀딩스,059250,2018,
주식회사만성스텐,049773,2018/12,"수도, 하수 및 폐기물 처리, 원료 재생업"
주식회사만수,048973,2018/12,제조업
주식회사만앤휴멜코리아,014220,2018/12,제조업
주식회사만주배관센터,090675,2018/12,도매 및 소매업
주식회사만호종합개발,078740,2018/12,부동산업
주식회사말타니,019426,2018/12,제조업
주식회사맑은샘사우나,091813,2018/12,부동산업
주식회사맑음,077661,2018/12,"수도, 하수 및 폐기물 처리, 원료 재생업"
주식회사맞빛건설산업,039711,2018/12,건설업
주식회사매그너스홀딩스,076466,2018/12,"전문, 과학 및 기술 서비스업"
주식회사매그넘빈트,086005,2018/12,정보통신업
주식회사매그넷,074198,2018,
주식회사매디슨트러스트,089457,2018/12,부동산업
"주식회사매린(MereineCo.,Ltd.)",084867,2018/12,건설업
주식회사매림,087292,2018/12,부동산업
주식회사매일상조,091196,2018/12,"협회 및 단체, 수리 및 기타 개인 서비스업"
주식회사매일신문사,017824,2018/12,정보통신업
주식회사매직,040515,2018,
주식회사매커스인베스트먼트,072760,2018,
주식회사매크로머신,089161,2018/12,제조업
주식회사매트일번지,085814,2018/12,제조업
주식회사맥.킴,017825,2018,
주식회사맥산,014548,2018/12,제조업
주식회사맥선,014549,2018/12,도매 및 소매업
주식회사맥스코프,086159,2018/12,부동산업
주식회사맥스퀘어시스템,069553,2018,
주식회사맥스필름,063558,2018,
주식회사맨투맨써비스,085562,2018/12,"사업시설 관리, 사업 지원 및 임대 서비스업"
주식회사머니투데이,029296,2018/12,정보통신업
주식회사머니투데이방송,062977,2018/12,정보통신업
주식회사머스트리드,065821,2018/12,교육 서비스업
주식회사머신오토,070383,2018,
주식회사머신하이텍,078414,2018,
주식회사멈스,074860,2018/12,제조업
주식회사메가드림,092129,2018/12,부동산업
주식회사메가럭,061983,2018/12,"예술, 스포츠 및 여가관련 서비스업"
주식회사메가마트,010008,2018/12,도매 및 소매업
주식회사메가메디칼,028348,2018,
주식회사메가박스이시아점,091835,2018/12,정보통신업
주식회사메가볼시티,056494,2018/12,부동산업
주식회사메가슈플렉스에스마켓코리아,061029,2018/12,도매 및 소매업
주식회사메가시티,060160,2018/03,부동산업
주식회사메가씨엘,090705,2018/12,부동산업
주식회사메가코스,080097,2018/12,제조업
주식회사메가트랜드파트너스,081750,2018/12,부동산업
주식회사메도니카,076967,2018/12,제조업
주식회사메디넷,082458,2018/12,부동산업
주식회사메디빌,049648,2018/12,부동산업
주식회사메디스퀘어,053862,2018,
주식회사메디시크,061577,2018/12,도매 및 소매업
주식회사메디안스,085667,2018/12,제조업
주식회사메디엔인터내셔날,052375,2018/12,제조업
주식회사메디오스,080536,2018/12,제조업
주식회사메디원코리아,080846,2018/12,도매 및 소매업
주식회사메디웰에코,076447,2018,
주식회사메디웰홀딩스,057024,2018/12,"전문, 과학 및 기술 서비스업"
주식회사메디치그룹,028533,2018,
주식회사메디테크인프라메드,091552,2018/12,도매 및 소매업
주식회사메디파크,091877,2018/12,부동산업
주식회사메디포럼,083626,2018/12,제조업
주식회사메디포유,090899,2018/12,부동산업
주식회사메디피아크리닉,049013,2018/12,부동산업
주식회사메디필,043431,2018/12,부동산업
주식회사메딕션,078179,2018/12,정보통신업
주식회사메르디안솔라앤디스플레이,060038,2018,
주식회사메르시,091505,2018/12,부동산업
주식회사메모릭스,089716,2018/12,제조업
주식회사메사텍,069315,2018,
주식회사메쉬코리아,084927,2018/12,정보통신업
주식회사메쎄이상,085213,2018/12,"사업시설 관리, 사업 지원 및 임대 서비스업"
주식회사메이드인유,064713,2018,
주식회사메이블,066662,2018,
주식회사메이저아이앤디,065875,2018,
주식회사메이준생활건강,087753,2018/12,도매 및 소매업
주식회사메이퀸픽쳐스,088154,2018/12,정보통신업
주식회사메이크어스,078614,2018/12,정보통신업
주식회사메이크힐,085509,2018/12,제조업
주식회사메이트플러스,077175,2018/12,부동산업
주식회사메인,092631,2018/12,부동산업
주식회사메인씨앤디,090809,2018/12,부동산업
주식회사메인텍,058369,2018/12,제조업
주식회사메인텍,060859,2018/12,제조업
주식회사메타네트웍스,040752,2018/12,제조업
주식회사메타넥스코리아,017829,2018/12,도매 및 소매업
주식회사메타넷엠플랫폼,047594,2018/12,"사업시설 관리, 사업 지원 및 임대 서비스업"
주식회사메타넷인터랙티브,061603,2018/12,정보통신업
주식회사메타넷티플랫폼,051049,2018/10,정보통신업
주식회사메타디엔디,076438,2018/12,부동산업
주식회사메타비스타,085563,2018/12,제조업
주식회사메타센스,087377,2018/12,"전문, 과학 및 기술 서비스업"
주식회사메타센테라퓨틱스,084685,2018/12,도매 및 소매업
주식회사메타월드,067074,2018/12,"전문, 과학 및 기술 서비스업"
주식회사메탈리카,083271,2018,
주식회사메탈코리아,078224,2018/12,도매 및 소매업
주식회사메테크,067649,2018,
주식회사메트로코리아,059527,2018/12,부동산업
주식회사메트로패밀리,029167,2018/12,도매 및 소매업
주식회사메트로폴리스,077677,2018,
주식회사메트로폴리탄,068060,2018/12,건설업
주식회사메트로호텔,048977,2018/12,숙박 및 음식점업
주식회사메트씨에스,050230,2018,
주식회사메티메디제약,089438,2018/12,"전문, 과학 및 기술 서비스업"
주식회사메티스,049389,2018/12,제조업
주식회사메티스코리아,090527,2018/12,도매 및 소매업
주식회사멕킨237피에프브이,081243,2018/12,부동산업
주식회사면승,077310,2018/12,부동산업
주식회사명강,065980,2018,
주식회사명강스틸,051968,2018/12,제조업
주식회사명관산업,049876,2018,
주식회사명광,047475,2018,
주식회사명기주택,091817,2018/12,부동산업
주식회사명동,039074,2018/12,부동산업
주식회사명동건설,061254,2018/12,건설업
주식회사명동대부파이낸셜,061382,2018,
주식회사명례방,061005,2018,
주식회사명림건설,017831,2018,
주식회사명문개발,087725,2018/12,부동산업
주식회사명문코리아,089445,2018/12,"사업시설 관리, 사업 지원 및 임대 서비스업"
주식회사명문홀딩스,092002,2018/12,부동산업
주식회사명봉,073569,2018/12,부동산업
주식회사명빈,070149,2018,
주식회사명상,078394,2018/12,도매 및 소매업
주식회사명서건설,085920,2018/12,건설업
주식회사명성,066634,2018/12,제조업
주식회사명성,090375,2018/12,제조업
주식회사명성강업,070048,2018/12,도매 및 소매업
주식회사명성개발,088930,2018/12,부동산업
주식회사명성기업,059181,2018/12,제조업
주식회사명성산업개발,069326,2018,
주식회사명성씨앤디,061706,2018,
주식회사명성인더스,070737,2018/12,제조업
주식회사명성정밀,067168,2018/12,제조업
주식회사명성환경,042588,2018/12,"수도, 하수 및 폐기물 처리, 원료 재생업"
주식회사명송,090708,2018/12,"수도, 하수 및 폐기물 처리, 원료 재생업"
주식회사명수,088933,2018/12,도매 및 소매업
주식회사명신,017833,2018/12,제조업
주식회사명신개발,087779,2018/12,부동산업
주식회사명신알에스,090127,2018/12,부동산업
주식회사명인건설,074494,2018,
주식회사명일,049629,2018/12,운수 및 창고업
주식회사명일씨앤비,017836,2018/12,제조업
주식회사명일전기,074480,2018,
주식회사명일제작,066596,2018,
주식회사명일환경,071556,2018,
주식회사명작,077141,2018,
주식회사명재,063824,2018,
주식회사명정보기술,049244,2018/12,제조업
주식회사명제,073765,2018/12,부동산업
주식회사명주,041301,2018/12,제조업
주식회사명지피앤피,069580,2018/12,제조업
주식회사명진,049274,2018,
주식회사명진TSR,014587,2018/12,제조업
주식회사명진강업,048916,2018/12,도매 및 소매업
주식회사명진기공,070946,2018,
주식회사명진산업,023545,2018/12,제조업
주식회사명진엔지니어링,063646,2018/12,제조업
주식회사명진테크,041699,2018/12,제조업
주식회사명진팜,043242,2018/12,도매 및 소매업
주식회사명진홀딩스,075857,2018,
주식회사명현주택,091457,2018/12,건설업
주식회사모간,012818,2018/12,제조업
주식회사모나,087607,2018/12,부동산업
주식회사모닝그레이스,080378,2018/12,부동산업
주식회사모닝랜드,044656,2018,
주식회사모닝스타,071320,2018,
주식회사모다아울렛,060435,2018/12,도매 및 소매업
주식회사모던21,087620,2018/12,부동산업
주식회사모던개발,081244,2018,
주식회사모던디에스,086788,2018/12,제조업
주식회사모던인더스트리,053933,2018/12,도매 및 소매업
주식회사모던텍,085500,2018/12,제조업
주식회사모드테크,017838,2018,
주식회사모든,017839,2018/12,운수 및 창고업
주식회사모든디앤씨,077438,2018,
주식회사모든에셋,087619,2018/12,부동산업
주식회사모락스,017840,2018/12,운수 및 창고업
주식회사모란식품,051723,2018/12,제조업
주식회사모란프라임,087364,2018/12,부동산업
주식회사모르페우스,086979,2018/12,정보통신업
주식회사모림,078421,2018/12,도매 및 소매업
주식회사모바인텍,066395,2018,
주식회사모바일에코,089999,2018/12,제조업
주식회사모바일컨버전스,077898,2018,
주식회사모비데이즈,084191,2018/12,"전문, 과학 및 기술 서비스업"
주식회사모비딕,070875,2018/12,부동산업
주식회사모비스,069859,2018,
주식회사모빌랩,043351,2018/12,정보통신업
주식회사모스펙,061782,2018,
주식회사모아모아여행사,084988,2018/12,"사업시설 관리, 사업 지원 및 임대 서비스업"
주식회사모아에스엔피,078587,2018/12,제조업
주식회사모아이게임즈,084827,2018/12,정보통신업
주식회사모아이엔씨,074209,2018/12,건설업
주식회사모아주택산업,026326,2018/12,건설업
주식회사모아코,078870,2018/12,부동산업
주식회사모아플러스,063153,2018,
주식회사모어랜드광주,087426,2018/12,부동산업
주식회사모인그룹,074595,2018,
주식회사모임,085425,2018/12,도매 및 소매업
주식회사모전기공,085697,2018/12,제조업
주식회사모젤디앤에스,030218,2018,
주식회사모카트레이딩,091337,2018/12,금융 및 보험업
주식회사모텍스,017842,2018/12,제조업
주식회사모토,076060,2018,
주식회사모토텍,042031,2018/12,제조업
주식회사모티,090758,2018/12,건설업
주식회사모티개발,090797,2018/12,부동산업
주식회사모팩,080645,2018/12,정보통신업
주식회사모헤닉게라지스,076873,2018/12,제조업
주식회사목감도시개발,090890,2018/12,부동산업
주식회사목동입시연구사,040767,2018/12,교육 서비스업
주식회사목동피에프브이,084644,2018/12,부동산업
주식회사목림이엔씨,073778,2018,
주식회사목스코,071189,2018,
주식회사목화,029646,2018,
주식회사몬디케이에스피,050359,2018/12,제조업
주식회사몬츄라코리아,066896,2018,
주식회사몬티스타텔레콤,050586,2018,
주식회사몰텍스,043924,2018/12,제조업
주식회사몽돌,077034,2018/12,도매 및 소매업
주식회사무궁화,017843,2018/12,제조업
주식회사무궁화엘앤비,090658,2018/12,제조업
주식회사무등,017844,2018/12,제조업
주식회사무등기업평동,067115,2018/12,제조업
주식회사무등리츠,078850,2018/12,부동산업
주식회사무림,091070,2018/12,도매 및 소매업
주식회사무상엠에스마트,082010,2018/12,도매 및 소매업
주식회사무신사,077580,2018/12,도매 및 소매업
주식회사무영종합건축사사무소,010740,2018/12,"전문, 과학 및 기술 서비스업"
주식회사무일화성,064509,2018/12,제조업
주식회사무진건설,089810,2018/12,건설업
주식회사무진글로벌,082593,2018,
주식회사무진유통,081933,2018/12,도매 및 소매업
주식회사무진축산,081899,2018,
주식회사무창이엔지,077871,2018,
주식회사무평산업,069648,2018/12,제조업
주식회사무학스틸,073170,2018/12,제조업
주식회사무한티에스,090452,2018/12,도매 및 소매업
주식회사문경레저타운,040719,2018/12,"예술, 스포츠 및 여가관련 서비스업"
주식회사문고리닷컴,085271,2018/12,도매 및 소매업
주식회사문깡,053780,2018/12,교육 서비스업
주식회사문성공업,064353,2018,
주식회사문안환경,085833,2018/12,"수도, 하수 및 폐기물 처리, 원료 재생업"
주식회사문영,053085,2018/12,운수 및 창고업
주식회사문영엔지니어링,061170,2018/12,건설업
주식회사문용개발,089750,2018/12,부동산업
주식회사문원상사,087567,2018/12,부동산업
주식회사문일주택산업개발,043700,2018,
주식회사문창,080406,2018/12,제조업
주식회사문피아,083161,2018/12,정보통신업
주식회사문화방송,014615,2018/12,정보통신업
주식회사문화방송케이티에스피씨,057877,2018,
주식회사문화웨딩,067476,2018/12,부동산업
주식회사뮤직홈오케스트라,088161,2018/12,교육 서비스업
주식회사뮤텍코리아,082141,2018/12,제조업
주식회사미경금속전자,052476,2018/12,제조업
주식회사미광,017850,2018,
주식회사미광개발,083487,2018/12,부동산업
주식회사미광스포렉스,039406,2018/12,"예술, 스포츠 및 여가관련 서비스업"
주식회사미광콘택트렌즈,054165,2018/12,제조업
주식회사미나클,077842,2018,
주식회사미누스토리,086829,2018/12,도매 및 소매업
주식회사미니멈,056454,2018/12,제조업
주식회사미니소코리아,087402,2018/12,도매 및 소매업
주식회사미다스,073038,2018/12,부동산업
주식회사미더미,088611,2018/12,부동산업
주식회사미도리코리아,077061,2018,
주식회사미도컴퍼니,058586,2018/12,제조업
주식회사미드,076213,2018/12,부동산업
주식회사미드미디앤씨,089974,2018/12,부동산업
주식회사미디어렙에이,072617,2018/12,"전문, 과학 및 기술 서비스업"
주식회사미디어링크,085400,2018/12,"전문, 과학 및 기술 서비스업"
주식회사미디어윌,053338,2018/12,정보통신업
주식회사미디어윌네트웍스,065969,2018/12,정보통신업
주식회사미디어윌홀딩스,020809,2018/12,정보통신업
주식회사미디어지니,054888,2018/12,정보통신업
주식회사미디어프론트,091471,2018/12,정보통신업
주식회사미라보콘크리트,039368,2018/12,제조업
주식회사미라클,083111,2018/12,부동산업
주식회사미라클개발,056326,2018/12,부동산업
주식회사미래,048708,2018/12,제조업
주식회사미래,091332,2018/12,"전기, 가스, 증기 및 공기조절 공급업"
주식회사미래,086680,2018/12,부동산업
주식회사미래개발,073324,2018/12,부동산업
주식회사미래개발에스에이엠,089211,2018/12,부동산업
주식회사미래금,069728,2018/12,숙박 및 음식점업
주식회사미래기술,091514,2018/12,제조업
주식회사미래도건설,073585,2018/12,건설업
주식회사미래디에스엔,091199,2018/12,부동산업
주식회사미래디엠아이,067852,2018/12,부동산업
주식회사미래로건설,086672,2018/12,부동산업
주식회사미래로디앤시,073804,2018,
주식회사미래로지텍,067747,2018,
주식회사미래산업,087050,2018/12,제조업
주식회사미래산업개발,057953,2018,
주식회사미래산업개발,074056,2018,
주식회사미래산업개발,086610,2018/12,부동산업
주식회사미래시스템,067618,2018,
주식회사미래씨엔비,070961,2018,
주식회사미래아이앤씨,076313,2018/12,부동산업
주식회사미래에셋대부,091165,2018/12,부동산업
주식회사미래와가치,064170,2018/12,부동산업
주식회사미래와도전,066380,2018/12,정보통신업
주식회사미래와희망,077393,2018,
주식회사미래인,065015,2018/12,부동산업
주식회사미래일공일,082865,2018/12,부동산업
주식회사미래자산개발,071278,2018/12,부동산업
주식회사미래케어,053601,2018,
주식회사미래테크,039544,2018,
주식회사미래텍,081916,2018/12,제조업
주식회사미래패션,090908,2018/12,도매 및 소매업
주식회사미래화학,073891,2018,
주식회사미랜바이오,069041,2018,
주식회사미레타,049066,2018,
주식회사미루삼십일호,067349,2018,
주식회사미루삼십호,065379,2018,
주식회사미루시스템즈,039479,2018/12,제조업
주식회사미륭개발,078431,2018/12,도매 및 소매업
주식회사미륭레미콘,017854,2018/12,제조업
주식회사미륭산업,014641,2018/12,제조업
주식회사미르기술,043105,2018/12,제조업
주식회사미르채,073906,2018/12,건설업
주식회사미르철강,072453,2018/12,도매 및 소매업
주식회사미리내캠프,052285,2018/12,교육 서비스업
주식회사미림,078946,2018,
주식회사미마드레,088940,2018/12,부동산업
주식회사미방항운,066257,2018/12,"사업시설 관리, 사업 지원 및 임대 서비스업"
주식회사미봉,017855,2018/12,숙박 및 음식점업
주식회사미사,077227,2018/12,부동산업
주식회사미사리버아케이드,087468,2018/12,부동산업
주식회사미사중앙개발,078059,2018,
주식회사미사티에스비즈타워,091384,2018/12,"전문, 과학 및 기술 서비스업"
주식회사미성,089394,2018/12,제조업
주식회사미성개발,074676,2018/12,부동산업
주식회사미성산업,067042,2018,
주식회사미성에스엔피,053810,2018/12,"사업시설 관리, 사업 지원 및 임대 서비스업"
주식회사미성유화,070943,2018,
주식회사미세테크,084914,2018/12,제조업
주식회사미소들,053364,2018,
주식회사미소디엔씨,073477,2018,
주식회사미솔산업개발,087524,2018/12,건설업
주식회사미스리메신저,089793,2018/12,정보통신업
주식회사미연건설,091624,2018/12,건설업
주식회사미영,089677,2018/12,"전문, 과학 및 기술 서비스업"
주식회사미영,076962,2018/12,제조업
주식회사미원건업,090633,2018/12,부동산업
주식회사미젤,080534,2018/12,도매 및 소매업
주식회사미주산업개발,073862,2018,
주식회사미즈라이프,089075,2018/12,도매 및 소매업
주식회사미즈라인,091300,2018/12,제조업
주식회사미즈맘메디컬센터,064314,2018,
주식회사미즈맘메디컬센터,071028,2018/12,"협회 및 단체, 수리 및 기타 개인 서비스업"
주식회사미지,078825,2018,
주식회사미지엔리조트,088764,2018/12,부동산업
주식회사미진산기,057354,2018/12,제조업
주식회사미진유통,071328,2018/12,도매 및 소매업
주식회사미진주택건설,017857,2018/12,건설업
주식회사미코통상,075939,2018,
주식회사미크로,059375,2018/12,제조업
주식회사미탐시티,077647,2018/12,부동산업
주식회사미트라인,070987,2018,
주식회사미트카운티,079018,2018,
주식회사미페이스,086023,2018/12,제조업
주식회사민간임대허브제4호위탁관리부동산투자회사,085475,2018/12,부동산업
주식회사민간임대허브제5호위탁관리부동산투자회사,085215,2018/12,부동산업
주식회사민락2지구주택개발전문위탁관리부동산투자회사,066657,2018,
주식회사민성디앤씨,063392,2018,
주식회사민성피앤아이,087221,2018/12,제조업
주식회사민속한우,050301,2018/12,제조업
주식회사민아건설,048991,2018,
주식회사민앤플러스,080160,2018,
주식회사민영교육,071145,2018,
주식회사민윤개발,091280,2018/12,부동산업
주식회사민음인,061945,2018,
주식회사믿음산업개발,083134,2018/12,부동산업
주식회사밀다원,041941,2018,
주식회사밀양관광개발,067252,2018/12,"예술, 스포츠 및 여가관련 서비스업"
주식회사바나플에프엔비,089413,2018/12,숙박 및 음식점업
주식회사바둑텔레비전,010665,2018,
주식회사바디스타,089682,2018/12,"예술, 스포츠 및 여가관련 서비스업"
주식회사바디프랜드,060560,2018/12,제조업
주식회사바람의언덕,081325,2018,
주식회사바람이분다,083526,2018,
주식회사바로,087691,2018/12,부동산업
주식회사바론,077250,2018/12,운수 및 창고업
주식회사바롬산업개발,072347,2018,
주식회사바른,076310,2018/12,부동산업
주식회사바른디앤디,074626,2018/12,부동산업
주식회사바른종합건설,091989,2018/12,건설업
주식회사바바라앤코,072643,2018/12,제조업
주식회사바빌론,069695,2018/12,숙박 및 음식점업
주식회사바스칸바이오제약,043322,2018,
주식회사바오스,051889,2018/12,제조업
주식회사바오스홀딩스,056601,2018,
주식회사바움하우스,052139,2018/12,부동산업
주식회사바이더웨이,014180,2018/12,도매 및 소매업
주식회사바이맥스,066102,2018,
주식회사바이브컴퍼니,029186,2018/12,정보통신업
주식회사바이엔셀개발,073650,2018/12,부동산업
주식회사바이오눈,077659,2018,
주식회사바이오데이즈,066057,2018/12,제조업
주식회사바이오매스피씨비,049957,2018,
주식회사바이오메듀스,088558,2018/12,제조업
주식회사바이오솔루션,045427,2018,
주식회사바이오숲,073070,2018,
주식회사바이오스타코리아,059734,2018/12,"전문, 과학 및 기술 서비스업"
주식회사바이오인프라,072694,2018,
주식회사바이오일레븐,090141,2018/12,제조업
주식회사바이오템,077440,2018/12,제조업
주식회사바이오통상,056448,2018/12,건설업
주식회사바이오피드백,018184,2018/12,숙박 및 음식점업
주식회사바이저,070870,2018,
주식회사바이칼솔루션,086068,2018/12,"전문, 과학 및 기술 서비스업"
주식회사바이클로,075879,2018,
주식회사바이펙스,061641,2018/12,운수 및 창고업
주식회사바찌,091585,2018/12,부동산업
주식회사바커케미칼코리아,019876,2018/12,제조업
주식회사바큠텍,088901,2018/12,제조업
주식회사바텍에스앤씨,041338,2018,
주식회사바텍엠시스,060826,2018/12,도매 및 소매업
주식회사바토,091321,2018/12,부동산업
주식회사박달재엘피씨,017866,2018/12,제조업
주식회사박문각,076630,2018/12,교육 서비스업
주식회사박스코,076499,2018/12,제조업
주식회사박영사,046203,2018/12,정보통신업
주식회사박이랑,087737,2018/12,건설업
주식회사반도산업,061259,2018,
주식회사반도유니콘,077336,2018/12,제조업
주식회사반도이엔지,066219,2018,
주식회사반도주택,046541,2018,
주식회사반도케미칼,078100,2018,
주식회사반디프린팅,085539,2018/12,제조업
주식회사반석건설,061615,2018/12,건설업
주식회사반석모터스,058830,2018/12,제조업
주식회사반석주택건설,081663,2018,
주식회사반석테크,088160,2018/12,제조업
주식회사반석티브이에스,090474,2018/12,건설업
주식회사반안,072840,2018/12,건설업
주식회사반월랜드마크피에프브이,065972,2018/12,부동산업
주식회사반월시화에코클러스터피에프브이,069740,2018/12,부동산업
주식회사반포골프백화점,026333,2018,
주식회사발렉스특수물류,043630,2018/12,"사업시설 관리, 사업 지원 및 임대 서비스업"
주식회사방주,014701,2018/12,제조업
주식회사방중,087346,2018/12,부동산업
주식회사방태,053986,2018/12,"수도, 하수 및 폐기물 처리, 원료 재생업"
주식회사배곧,080667,2018,
주식회사배냇베이비,086226,2018/12,도매 및 소매업
주식회사배상면주가,029697,2018/12,제조업
주식회사배성네트웍스,057387,2018/12,부동산업
주식회사배유,079983,2018,
주식회사배종,089797,2018/12,부동산업
주식회사백강,090112,2018/12,부동산업
주식회사백강개발,076469,2018/12,부동산업
주식회사백광테크,074037,2018/12,제조업
주식회사백두그룹,066725,2018,
주식회사백두엔씨디,072529,2018,
주식회사백림,074211,2018,
주식회사백명,087780,2018/12,부동산업
주식회사백산산업,044264,2018/12,부동산업
주식회사백산이엔씨,067462,2018/12,건설업
주식회사백상종합건설,053294,2018/12,건설업
주식회사백송종합건설,014715,2018,
주식회사백암,070800,2018/12,부동산업
주식회사백영,028006,2018/12,건설업
주식회사백옥생,066191,2018,
주식회사백인아이윌,092168,2018/12,부동산업
주식회사백인종합건설,091670,2018/12,건설업
주식회사백촌누리,091364,2018/12,부동산업
주식회사백패커,090752,2018/12,도매 및 소매업
주식회사백향에스앤피,078781,2018,
주식회사밴,074346,2018/12,제조업
주식회사밴티지개발농업회사법인,092282,2018/12,"농업, 임업 및 어업"
주식회사밸류마크,080663,2018/12,금융 및 보험업
주식회사밸류애드파트너스,088986,2018/12,"전문, 과학 및 기술 서비스업"
주식회사밸류컬처앤미디어,074295,2018/12,"예술, 스포츠 및 여가관련 서비스업"
주식회사밸류테크,089995,2018/12,제조업
주식회사뱅가즈,064914,2018,
주식회사뱅가즈개발,067300,2018,
주식회사뱅모프로덕션,079981,2018/01,정보통신업
주식회사뱅뱅어패럴,017871,2018/12,제조업
주식회사버킷플레이스,089758,2018/12,도매 및 소매업
주식회사버틀러빌딩,086404,2018/12,부동산업
주식회사버티비전,056699,2018/12,부동산업
주식회사번영스텐레스,082807,2018/12,도매 및 소매업
주식회사범구,043849,2018/12,제조업
주식회사범림,092193,2018/12,부동산업
주식회사범서산업개발,049045,2018/12,부동산업
주식회사범섬리조트,091932,2018/12,숙박 및 음식점업
주식회사범아,076837,2018/12,"사업시설 관리, 사업 지원 및 임대 서비스업"
주식회사범아엔지니어링,017873,2018/12,"전문, 과학 및 기술 서비스업"
주식회사범안,074509,2018/12,부동산업
주식회사범양케이원제7호천안두정기업형임대주택위탁관리부동산투자회사,089242,2018/12,부동산업
주식회사범어,078240,2018/12,부동산업
주식회사범어세인트웨스튼호텔,067916,2018,
주식회사범어영타워,077321,2018/12,부동산업
주식회사범우,039801,2018/12,제조업
주식회사범우,017874,2018/12,제조업
주식회사범우케미칼,062903,2018/12,도매 및 소매업
주식회사범주,088701,2018/12,제조업
주식회사범진,091906,2018/12,부동산업
주식회사범창페이퍼월드,081660,2018/12,제조업
주식회사범한,068794,2018/12,부동산업
주식회사범한배관,071348,2018,
주식회사범화,090450,2018/12,도매 및 소매업
주식회사법화,086634,2018/12,부동산업
주식회사베가,017876,2018,
주식회사베네스킨코스메틱,086076,2018/12,제조업
주식회사베니스침대,091547,2018/12,제조업
주식회사베니온,070985,2018/12,"수도, 하수 및 폐기물 처리, 원료 재생업"
주식회사베델산업개발,092452,2018/12,부동산업
주식회사베델인베스트먼트,077958,2018,
주식회사베디베로,086019,2018/12,도매 및 소매업
주식회사베록스,089868,2018/12,제조업
주식회사베리모나코,074027,2018/12,도매 및 소매업
주식회사베스안하우스,090710,2018/12,건설업
주식회사베스콘,073709,2018/12,제조업
주식회사베스콘,011452,2018,
주식회사베스콘아이비에스,078652,2018/12,부동산업
주식회사베스타골프,053206,2018,
주식회사베스트브라이덜코리아,056741,2018,
주식회사베스트원,091819,2018/12,건설업
주식회사베스트위드,080442,2018/12,부동산업
주식회사베스트토요타,066899,2018/12,도매 및 소매업
주식회사베스트프라자,083127,2018/12,부동산업
주식회사베스틱,077545,2018/12,운수 및 창고업
주식회사베스파,081972,2018,
주식회사베아투스,082440,2018/12,부동산업
주식회사베어리버,078844,2018/12,"예술, 스포츠 및 여가관련 서비스업"
주식회사베어링아트,062911,2018/12,제조업
주식회사베어코리아,048616,2018,
주식회사베어포트리조트,071215,2018/12,"예술, 스포츠 및 여가관련 서비스업"
주식회사베이스캐리어,090480,2018/12,제조업
주식회사베이지박스투,076677,2018/12,운수 및 창고업
주식회사베이직테크,075977,2018/12,제조업
주식회사벡셀,058228,2018/12,제조업
주식회사벡터코리아아이티,064879,2018/12,정보통신업
주식회사벡테크,069352,2018/12,제조업
주식회사벤틀리호텔,091546,2018/12,숙박 및 음식점업
주식회사벤티지홀딩스,052137,2018,
주식회사벧엘엔지니어링,066018,2018,
주식회사벽강,072804,2018,
주식회사벽산디엔씨,091566,2018/12,부동산업
주식회사벽안디앤씨,046474,2018,
주식회사별내공영,067584,2018,
주식회사별내도시,067609,2018,
주식회사별내주택전문위탁관리부동산투자회사,076924,2018,
주식회사병화,047501,2018/12,제조업
주식회사보강엔터프라이즈,087641,2018/12,도매 및 소매업
주식회사보고인터내셔날아이엔씨,066763,2018,
주식회사보광,026338,2018/12,제조업
주식회사보광기업,063510,2018/12,광업
주식회사보광디앤씨,064999,2018,
주식회사보광산업,077834,2018,
주식회사보국웰리치,042351,2018,
주식회사보국전자,043064,2018/12,제조업
주식회사보드웰인베스트먼트컴파니,053665,2018/12,"전문, 과학 및 기술 서비스업"
주식회사보라건설,087306,2018/12,부동산업
주식회사보라디앤씨,067974,2018,
주식회사보라티알,072647,2018,
주식회사보람리치,067871,2018,
주식회사보령금속,078947,2018,
주식회사보령파트너스,072433,2018/12,"전문, 과학 및 기술 서비스업"
주식회사보령홀딩스,081512,2018,
주식회사보림,053192,2018/12,제조업
주식회사보림로지스틱스,017880,2018/12,숙박 및 음식점업
주식회사보림씨에스,061126,2018/12,"수도, 하수 및 폐기물 처리, 원료 재생업"
주식회사보림엘텍,082414,2018/12,제조업
주식회사보림테크,059304,2018/12,제조업
주식회사보문개발,074652,2018,
주식회사보민,076351,2018/12,숙박 및 음식점업
주식회사보배네트워크,078387,2018/12,"전문, 과학 및 기술 서비스업"
주식회사보배산업,090860,2018/12,부동산업
주식회사보성공업,039334,2018/12,제조업
주식회사보성중공업,058588,2018/12,제조업
주식회사보스텍,042023,2018/12,건설업
주식회사보아스디앤씨,086743,2018/12,부동산업
주식회사보아스메가텍,089701,2018/12,건설업
주식회사보아스인베스트,088201,2018/12,"전문, 과학 및 기술 서비스업"
주식회사보아스틸,083723,2018/12,"수도, 하수 및 폐기물 처리, 원료 재생업"
주식회사보양사,014812,2018/12,운수 및 창고업
주식회사보영,078735,2018,
주식회사보우디앤씨,081920,2018/12,부동산업
주식회사보원,076383,2018/12,건설업
주식회사보원엠앤피,074062,2018/12,제조업
주식회사보은금속,052802,2018/12,제조업
주식회사보이저아이엔씨,083422,2018/12,제조업
주식회사보창산업,087680,2018/12,광업
주식회사보하라,085931,2018/12,도매 및 소매업
주식회사보해오션,072805,2018/12,운수 및 창고업
주식회사복산나이스,059276,2018/12,도매 및 소매업
주식회사복시약품,079996,2018/12,도매 및 소매업
주식회사복천식품,063812,2018/12,제조업
주식회사복하우스,074091,2018,
주식회사본느,073951,2018,
주식회사본델,082186,2018/12,제조업
주식회사본량,088602,2018/12,도매 및 소매업
주식회사본성,067607,2018/12,제조업
주식회사본태인터네셔널,092412,2018/12,숙박 및 음식점업
주식회사본텍,074802,2018,
주식회사볼륨원,063836,2018/03,제조업
주식회사볼보자동차코리아,017889,2018/12,도매 및 소매업
주식회사볼크,051801,2018/12,제조업
주식회사볼텍코리아,075753,2018/12,제조업
주식회사봉림실업,078347,2018/12,도매 및 소매업
주식회사봉명,088812,2018/12,건설업
주식회사봉명테크노밸리,066294,2018/12,부동산업
주식회사봉봉,086910,2018/12,정보통신업
주식회사봉성유리,087347,2018/12,제조업
주식회사봉우,017891,2018,
주식회사봉일금속,082971,2018/12,제조업
주식회사부강,064802,2018,
주식회사부강개발,082518,2018/12,부동산업
주식회사부강엔지니어링,073184,2018/12,부동산업
주식회사부강유통,090119,2018/12,도매 및 소매업
주식회사부강티앤씨,073707,2018/12,제조업
주식회사부건,047207,2018/12,"예술, 스포츠 및 여가관련 서비스업"
주식회사부경,073217,2018/12,제조업
주식회사부경홀딩스그룹,086375,2018/12,부동산업
주식회사부경화섬,090580,2018/12,제조업
주식회사부광물산,091710,2018/12,운수 및 창고업
주식회사부광스틸,062140,2018/12,도매 및 소매업
주식회사부광정공,064620,2018/12,제조업
주식회사부광피앤디,046216,2018/12,부동산업
주식회사부국레미콘,026343,2018/12,제조업
주식회사부국정밀,040153,2018/12,제조업
주식회사부금테크,059661,2018,
주식회사부농,050915,2018/06,제조업
주식회사부래당,017893,2018/12,제조업
주식회사부루나,077303,2018,
주식회사부림약품,017894,2018/12,도매 및 소매업
주식회사부맥개발,076955,2018,
주식회사부민양행,017895,2018/12,제조업
주식회사부백건설,072845,2018/12,부동산업
주식회사부산극장,011885,2018/12,정보통신업
주식회사부산근대화체인,026345,2018,
주식회사부산롯데호텔,018858,2018/12,숙박 및 음식점업
주식회사부산버스환승터미널,077816,2018/12,운수 및 창고업
주식회사부산시티센터,061476,2018/12,숙박 및 음식점업
주식회사부산영화박물관,081495,2018/12,건설업
주식회사부산이앤이,060589,2018/12,"수도, 하수 및 폐기물 처리, 원료 재생업"
주식회사부산통상,070548,2018,
주식회사부성,014861,2018/12,제조업
주식회사부성,014860,2018/12,제조업
주식회사부성후렌지,053091,2018/12,제조업
주식회사부송개발,089117,2018/12,"협회 및 단체, 수리 및 기타 개인 서비스업"
주식회사부신물류,085427,2018/12,운수 및 창고업
주식회사부에노,044414,2018/12,제조업
주식회사부여에너지팜,073518,2018,
주식회사부영CC,052025,2018/12,"예술, 스포츠 및 여가관련 서비스업"
주식회사부영개발,042000,2018/12,부동산업
주식회사부영마린,085034,2018/12,제조업
주식회사부웅주택,078940,2018,
주식회사부원비엠에스,061740,2018/12,제조업
주식회사부원산업개발,086573,2018/12,부동산업
주식회사부원유앤아이,072868,2018/12,부동산업
주식회사부원홀딩스,014875,2018,
주식회사부일레미콘,017900,2018/12,제조업
주식회사부일이엔씨,053170,2018,
주식회사부자되세요,074680,2018/12,숙박 및 음식점업
주식회사부지런한사람들행암점,077411,2018/12,도매 및 소매업
주식회사부천,026346,2018/12,제조업
주식회사부평테크시티,082530,2018/12,부동산업
주식회사북서울,090303,2018/12,도매 및 소매업
주식회사북제,051643,2018,
주식회사북팔,076566,2018,
주식회사북한산스카이,076885,2018/12,부동산업
주식회사분당석유,015503,2018,
주식회사분당제일에너지,091716,2018/12,도매 및 소매업
주식회사불가리아나눔발전소,069882,2018,
주식회사불가리코리아,029767,2018/12,도매 및 소매업
주식회사불국토,073850,2018/12,금융 및 보험업
주식회사불리언게임즈,086574,2018/12,정보통신업
주식회사뷰노,084776,2018/12,"전문, 과학 및 기술 서비스업"
주식회사뷰쎌,062390,2018,
주식회사뷰티르샤,062923,2018,
주식회사브라운스톤,076600,2018/12,도매 및 소매업
주식회사브라운힐,069130,2018,
주식회사브랜드랩글로벌,082106,2018/12,도매 및 소매업
주식회사브랜드스톰마케팅앤커뮤니케이션그룹,051199,2018,
주식회사브랜드인덱스,066593,2018/12,제조업
주식회사브레인리더,087148,2018/12,부동산업
주식회사브로던,073322,2018/12,제조업
주식회사브르넨,089312,2018/12,건설업
주식회사브리타니산업개발,083376,2018/12,부동산업
주식회사브릿지종합건설,086817,2018/12,건설업
주식회사브엘세바,087694,2018/12,부동산업
주식회사브이디에스,048365,2018/12,제조업
주식회사브이디자인웍스,091653,2018/12,부동산업
주식회사브이디제이,066629,2018,
주식회사브이씨티이,092228,2018/12,제조업
주식회사브이앤아이솔루션,080198,2018,
주식회사브이에스아이,067211,2018,
주식회사브이엠인베스트먼트,069817,2018,
주식회사브이원텍,068902,2018,
주식회사브이이엔에스,042999,2018,
주식회사브이카,079117,2018/12,"사업시설 관리, 사업 지원 및 임대 서비스업"
주식회사브이티코스메틱,081209,2018/12,도매 및 소매업
주식회사브이플러스,060485,2018,
주식회사브이피에이치씨,080420,2018/12,제조업
주식회사블랙스톤리조트,042062,2018/12,"예술, 스포츠 및 여가관련 서비스업"
주식회사블랙스톤에듀팜리조트,087722,2018/12,"예술, 스포츠 및 여가관련 서비스업"
주식회사블레스,086899,2018/12,부동산업
주식회사블루래빗,070569,2018/12,정보통신업
주식회사블루랜드인베스트,053230,2018/12,"전문, 과학 및 기술 서비스업"
주식회사블루렌트카,089743,2018/12,"사업시설 관리, 사업 지원 및 임대 서비스업"
주식회사블루모빌,078813,2018/12,금융 및 보험업
주식회사블루버드,010831,2018/12,정보통신업
주식회사블루비스타,090618,2018/12,"전문, 과학 및 기술 서비스업"
주식회사블루비치호텔,079041,2018,
주식회사블루스타E&R,069219,2018,
주식회사블루싸이트,083114,2018/12,부동산업
주식회사블루오션알앤씨,074649,2018/12,부동산업
주식회사블루오앤엠,076249,2018/12,"전문, 과학 및 기술 서비스업"
주식회사블루인디앤씨,082940,2018,
주식회사블루코드,054320,2018/12,제조업
주식회사블루트리,067339,2018,
주식회사블루트윈스,089804,2018/12,부동산업
주식회사블루폼,085660,2018/12,제조업
주식회사블루플래닛,048319,2018/12,제조업
주식회사블루홈,092617,2018/12,부동산업
주식회사블리트,081575,2018/12,"전문, 과학 및 기술 서비스업"
주식회사비.제이.코리아,046079,2018/12,제조업
주식회사비긴스제주,078082,2018,
주식회사비더블유매니지먼트,091699,2018/12,부동산업
주식회사비디엠,082933,2018/12,도매 및 소매업
주식회사비디파트너스,076445,2018/12,부동산업
주식회사비락,017902,2018/12,제조업
주식회사비바,067663,2018/12,도매 및 소매업
주식회사비바스포츠,042771,2018,
주식회사비바이오,082623,2018,
주식회사비버리힐,010504,2018/12,부동산업
주식회사비보존,080098,2018/12,"전문, 과학 및 기술 서비스업"
주식회사비보존제약,048278,2018/12,제조업
주식회사비봉케미칼,081907,2018/12,도매 및 소매업
주식회사비블루아이앤,077279,2018/12,도매 및 소매업
주식회사비비테크,052774,2018/12,제조업
주식회사비스,087080,2018/12,도매 및 소매업
주식회사비스코,051142,2018/12,제조업
주식회사비씨에프,045379,2018,
주식회사비아이,091467,2018/12,"사업시설 관리, 사업 지원 및 임대 서비스업"
주식회사비아이에스,090600,2018/12,부동산업
주식회사비아이엠,056615,2018,
주식회사비아이이엔,085253,2018/12,도매 및 소매업
주식회사비아이지동양,086110,2018/12,제조업
주식회사비아이티범우연구소,040573,2018/12,"전문, 과학 및 기술 서비스업"
주식회사비아이티에코루브,051059,2018/12,제조업
주식회사비알시티100,076596,2018/12,부동산업
주식회사비알장유,086455,2018/12,부동산업
주식회사비앤개발,081474,2018,
주식회사비앤드케이,091399,2018/12,제조업
주식회사비앤비,086190,2018/12,제조업
주식회사비앤비건설,067017,2018,
주식회사비앤비스틸,082956,2018/12,도매 및 소매업
주식회사비앤비코리아,072166,2018/12,제조업
주식회사비앤에스에프앤비,067936,2018,
주식회사비앤지,056833,2018/12,운수 및 창고업
주식회사비앤티,072539,2018/12,제조업
주식회사비앤피로지스틱스,076225,2018/12,운수 및 창고업
주식회사비에스,072782,2018,
주식회사비에스금속,061128,2018,
주식회사비에스디앤씨,080811,2018/12,부동산업
주식회사비에스비스틸,063670,2018,
주식회사비에스아이앤씨,085297,2018/12,건설업
주식회사비에스엔,073920,2018/12,부동산업
주식회사비에스엠플러스,078807,2018,
주식회사비에스온,071210,2018/12,"사업시설 관리, 사업 지원 및 임대 서비스업"
주식회사비에스지,047450,2018/12,제조업
주식회사비에스컴퍼니,088545,2018/12,부동산업
주식회사비에스케이코퍼레이션,017904,2018/12,도매 및 소매업
주식회사비에스티,090445,2018/12,제조업
주식회사비에스티,062090,2018/12,제조업
주식회사비에스피테크,069955,2018/12,제조업
주식회사비에이치씨,051412,2018/12,도매 및 소매업
주식회사비에이치앤바이오,080299,2018/12,제조업
주식회사비에이플러스,090768,2018/12,부동산업
주식회사비에프테크,080278,2018/12,제조업
주식회사비엔씨티,056636,2018/12,운수 및 창고업
주식회사비엔에이에셋,087723,2018/12,부동산업
주식회사비엔에이치,014745,2018/12,건설업
주식회사비엔에프통상,015270,2018/12,도매 및 소매업
주식회사비엔티,074604,2018,
주식회사비엘디,070849,2018,
주식회사비엘에셋,052144,2018,
주식회사비엘에스프러퍼티,082830,2018/12,부동산업
주식회사비엘팜,077865,2018/12,도매 및 소매업
주식회사비엘헬스케어,089026,2018/12,도매 및 소매업
주식회사비엠비산업,061840,2018/12,제조업
주식회사비엠솔루션,069116,2018,
주식회사비엠스틸,045948,2018/12,도매 및 소매업
주식회사비엠씨,074681,2018,
주식회사비엠씨,020857,2018/12,제조업
주식회사비엠아이,085223,2018/12,제조업
주식회사비오메리으코리아,047445,2018/12,도매 및 소매업
주식회사비오케이랜드,085256,2018/12,부동산업
주식회사비와이디산업개발,091572,2018/12,부동산업
주식회사비와이티,067100,2018,
주식회사비욘드뮤직,077201,2018/12,정보통신업
주식회사비욘드솔루션,062755,2018,
주식회사비욘드씨엠,085690,2018/12,부동산업
주식회사비욘드아이,070306,2018/12,제조업
주식회사비원씨앤알,050393,2018/12,제조업
주식회사비이컴즈,061398,2018,
주식회사비이케이더블유,063248,2018/12,부동산업
주식회사비전,089898,2018/12,부동산업
주식회사비전,085993,2018/12,건설업
주식회사비전랜드,030224,2018/12,제조업
주식회사비전모터스,085199,2018/12,도매 및 소매업
주식회사비전홀딩스코퍼레이션,011746,2018/12,제조업
주식회사비제이시네마,083510,2018/12,부동산업
주식회사비제이에스,090149,2018/12,부동산업
주식회사비제이테크,077866,2018/12,제조업
주식회사비젼.인.텍,056892,2018,
주식회사비젼테크,074055,2018/12,제조업
주식회사비주,077839,2018/12,제조업
주식회사비주얼지,069182,2018/12,"전문, 과학 및 기술 서비스업"
주식회사비즈마이스터,086456,2018/12,도매 및 소매업
주식회사비즈마컴,074467,2018/12,건설업
주식회사비즈제이,082667,2018/12,"전문, 과학 및 기술 서비스업"
주식회사비즈포레,081395,2018/12,부동산업
주식회사비지니스호텔뉴타운,083070,2018/12,제조업
주식회사비지알코리아,048968,2018,
주식회사비지에프포스트,084754,2018/12,운수 및 창고업
주식회사비지에프휴먼넷,075722,2018/12,도매 및 소매업
주식회사비지움코리아,073459,2018/12,"전문, 과학 및 기술 서비스업"
주식회사비츠로애드컴,068806,2018/12,"전문, 과학 및 기술 서비스업"
주식회사비케이로직스,070360,2018/12,운수 및 창고업
주식회사비케이알,064614,2018/12,숙박 및 음식점업
주식회사비케이종합개발컨설팅,076852,2018/12,부동산업
주식회사비큐러스,066615,2018/12,금융 및 보험업
주식회사비투링크,081018,2018/12,도매 및 소매업
주식회사비투지코리아,080267,2018,
주식회사비투케이,070708,2018,
주식회사비트나인,091023,2018/12,정보통신업
주식회사비트로시스,043809,2018/12,제조업
주식회사비트망고,091679,2018/12,정보통신업
주식회사비트앤와트,059794,2018/12,제조업
주식회사비트플렉스,014924,2018/12,부동산업
주식회사비티그룹,087650,2018/12,부동산업
주식회사비티유에이앤,092261,2018/12,부동산업
주식회사빅버디,070496,2018,
주식회사빅보스투어,087756,2018/12,"사업시설 관리, 사업 지원 및 임대 서비스업"
주식회사빅솔,018614,2018/12,제조업
주식회사빅스카이,092360,2018/12,부동산업
주식회사빅스코,067749,2018,
주식회사빅스타건설,030028,2018/12,건설업
주식회사빅스톤픽쳐스,072260,2018,
주식회사빅토르투자개발,071074,2018,
주식회사빅토리제일에스피씨,084769,2018/12,"전문, 과학 및 기술 서비스업"
주식회사빅토스,059362,2018,
주식회사빅트론닉스,063384,2018,
주식회사빅트리,077437,2018,
주식회사빅팟게임즈,078259,2018/12,정보통신업
주식회사빌더스이앤씨,047289,2018/12,부동산업
주식회사빌드라움,082849,2018/12,부동산업
주식회사빌드웰,091449,2018/12,부동산업
주식회사빌디건설,066332,2018/12,부동산업
주식회사빌라드애월,064342,2018,
주식회사빌립보,040232,2018,
주식회사빌텍,089222,2018/12,부동산업
주식회사빌텍,047254,2018/12,"사업시설 관리, 사업 지원 및 임대 서비스업"
주식회사빗썸코리아,083277,2018/12,도매 및 소매업
주식회사빗썸홀딩스,091687,2018/12,정보통신업
주식회사빛가람개발,078027,2018/12,부동산업
주식회사빛나,078072,2018/12,부동산업
주식회사빛나에스티,081310,2018/12,도매 및 소매업
주식회사뻬에뻬,049748,2018/12,건설업
주식회사쁘띠프랑스,058309,2018/12,"사업시설 관리, 사업 지원 및 임대 서비스업"
주식회사쁘레베베,075913,2018/12,도매 및 소매업
주식회사사노피-아벤티스코리아,021288,2018/12,도매 및 소매업
주식회사사들혁신,072685,2018,
주식회사사라홀딩스,074682,2018,
주식회사사람과미래(P&F),077245,2018/12,부동산업
주식회사사람과생활,078712,2018,
주식회사사랑,065176,2018,
주식회사사랑방,082224,2018/12,제조업
주식회사사랑방미디어,021279,2018/12,정보통신업
주식회사사러가,017909,2018/12,도매 및 소매업
주식회사사릭,047396,2018/12,제조업
주식회사사보이피앤디,045247,2018/12,부동산업
주식회사사보이호텔,026349,2018/12,숙박 및 음식점업
주식회사사비오,091519,2018/12,교육 서비스업
주식회사사세,059088,2018/12,도매 및 소매업
주식회사사우스스프링스,014428,2018/12,부동산업
주식회사사우스케이프,067797,2018/12,부동산업
주식회사사이몬,017911,2018/12,제조업
주식회사사이트플레너스,069611,2018/12,도매 및 소매업
주식회사사조바이오피드,062025,2018/12,제조업
주식회사사조화인코리아,069770,2018,
주식회사사직오토랜드,081003,2018/12,부동산업
주식회사사평,080227,2018/12,"협회 및 단체, 수리 및 기타 개인 서비스업"
주식회사산건설,058392,2018,
주식회사산내들하우징,090814,2018/12,부동산업
주식회사산단재생1호서대구지식산업센터위탁관리부동산투자회사,088402,2018/12,부동산업
주식회사산부,059413,2018,
주식회사산산,088790,2018/12,부동산업
주식회사산성피앤씨,076251,2018/12,제조업
주식회사산소솔라,089594,2018/12,"전기, 가스, 증기 및 공기조절 공급업"
주식회사산시아코리아,085598,2018/12,도매 및 소매업
주식회사산애마루,092530,2018/12,건설업
주식회사산양,090228,2018/12,건설업
주식회사산전아이티,063456,2018,
주식회사산주,076911,2018,
주식회사산천산업개발,086609,2018/12,부동산업
주식회사산청기공,078338,2018/12,제조업
주식회사산타크루즈컴퍼니,062790,2018/12,정보통신업
주식회사산하송,085762,2018/12,건설업
주식회사산하인더스트리,017917,2018/12,제조업
주식회사산하재,082993,2018/12,부동산업
주식회사산호수출포장,029873,2018/12,제조업
주식회사살기좋은집,070697,2018/12,건설업
주식회사살코,052290,2018,
주식회사삶과흙,058032,2018,
주식회사삼강,091116,2018/12,부동산업
주식회사삼경비엠코리아,078251,2018/12,부동산업
주식회사삼공,047754,2018,
주식회사삼공사,017919,2018/12,제조업
주식회사삼광,039723,2018/12,제조업
주식회사삼광,063955,2018/12,제조업
주식회사삼광건설,076867,2018/12,건설업
주식회사삼광기전,059296,2018,
주식회사삼광솔라,091394,2018/12,건설업
주식회사삼광식품,014963,2018/12,제조업
주식회사삼구,017920,2018/12,부동산업
주식회사삼국종합건설,029626,2018/12,건설업
주식회사삼기엔텍,077869,2018,
주식회사삼능개발,049141,2018,
주식회사삼덕,017924,2018/12,제조업
주식회사삼덕로지스,071331,2018/12,운수 및 창고업
주식회사삼덕피앤씨,078924,2018/12,제조업
주식회사삼동,017925,2018/12,제조업
주식회사삼라네트웍스,064759,2018,
주식회사삼림,078728,2018/12,부동산업
주식회사삼립,065701,2018/12,도매 및 소매업
주식회사삼마건설,076446,2018,
주식회사삼명사,065064,2018/12,제조업
주식회사삼무개발,091971,2018/12,건설업
주식회사삼미,088145,2018/12,제조업
주식회사삼미,028832,2018/12,도매 및 소매업
주식회사삼미건설,014987,2018/12,건설업
주식회사삼미디앤씨,085701,2018/12,부동산업
주식회사삼미캠,088542,2018/12,도매 및 소매업
주식회사삼미홀딩스,064947,2018/12,"전문, 과학 및 기술 서비스업"
주식회사삼박,060697,2018,
주식회사삼보건영,017929,2018/12,건설업
주식회사삼보광업,044633,2018/12,광업
주식회사삼보동선,066956,2018/12,제조업
주식회사삼보빌딩,083480,2018/12,부동산업
주식회사삼보에이팩,041236,2018/12,제조업
주식회사삼보유통,040521,2018,
주식회사삼봉,065101,2018/12,부동산업
주식회사삼부금속,073873,2018/12,제조업
주식회사삼부종합건설,091757,2018/12,건설업
주식회사삼성,060667,2018/12,제조업
주식회사삼성건설,073940,2018/12,부동산업
주식회사삼성금거래소,081039,2018/12,도매 및 소매업
주식회사삼성디엔씨,087085,2018/12,부동산업
주식회사삼성산업개발,078238,2018,
주식회사삼성에이치제이에스,046726,2018,
주식회사삼성임업,053117,2018/12,제조업
주식회사삼성주택,086088,2018/12,부동산업
주식회사삼성텍,066951,2018/12,제조업
주식회사삼성파워텍,089116,2018/12,제조업
주식회사삼성하우징,089855,2018/12,제조업
주식회사삼성홀딩스,070653,2018/12,부동산업
주식회사삼승에스지엠,050026,2018/12,건설업
주식회사삼신,017939,2018/12,제조업
주식회사삼신,085499,2018/12,제조업
주식회사삼신,072303,2018,
주식회사삼신엔지니어링,091053,2018/12,제조업
주식회사삼신창호,088795,2018/12,건설업
주식회사삼아인터내셔날,017941,2018/12,제조업
주식회사삼애,061575,2018,
주식회사삼양,088826,2018/12,"전문, 과학 및 기술 서비스업"
주식회사삼양개발,086607,2018/12,부동산업
주식회사삼양건설,077610,2018/12,건설업
주식회사삼양사,026352,2018/12,건설업
주식회사삼양수지,053870,2018/12,제조업
주식회사삼양스틸,056410,2018/12,제조업
주식회사삼양컴텍,016604,2018/12,제조업
주식회사삼양프루웰,015088,2018/12,제조업
"주식회사삼에이치컴퍼니(3H-company.,Ltd.)",088615,2018/12,부동산업
주식회사삼영,070936,2018,
주식회사삼영개발,068933,2018/12,부동산업
주식회사삼영데리카후레쉬,068894,2018/12,제조업
주식회사삼영이앤티,067385,2018/12,제조업
주식회사삼영이엔지,053479,2018,
주식회사삼영전기,082202,2018/12,제조업
주식회사삼영지이티,067946,2018,
주식회사삼영특수인쇄,073050,2018/12,제조업
주식회사삼영피팅,061906,2018/12,제조업
주식회사삼오,017950,2018/12,제조업
주식회사삼오,092036,2018/12,부동산업
주식회사삼오테크,045265,2018/12,제조업
주식회사삼우,056730,2018/12,부동산업
주식회사삼우,015115,2018/12,제조업
주식회사삼우,017951,2018/12,제조업
주식회사삼우개발,086105,2018/12,부동산업
주식회사삼우건설,047316,2018/12,건설업
주식회사삼우디앤씨,057017,2018/12,부동산업
주식회사삼우디앤씨(D&C),088193,2018/12,부동산업
주식회사삼우메디안,041192,2018/12,제조업
주식회사삼우보세장치장,050277,2018/12,운수 및 창고업
주식회사삼우빌딩,092182,2018/12,부동산업
주식회사삼우씨엠건축사사무소,017953,2018/12,"전문, 과학 및 기술 서비스업"
주식회사삼우아이엠씨,053910,2018/12,건설업
주식회사삼우에프앤지,015113,2018/12,운수 및 창고업
주식회사삼우오토메이션,088905,2018/12,제조업
주식회사삼우주택건설,041101,2018,
주식회사삼우코리아,017952,2018/12,제조업
주식회사삼우특수,085710,2018/12,제조업
주식회사삼운,083075,2018/12,건설업
주식회사삼운개발,071053,2018,
주식회사삼운건설,078021,2018/12,부동산업
주식회사삼웅,044486,2018,
주식회사삼원,082416,2018/12,도매 및 소매업
주식회사삼원,039126,2018/12,제조업
주식회사삼원무역,051789,2018/12,제조업
주식회사삼원색,042941,2018/12,도매 및 소매업
주식회사삼원약품,017957,2018/12,도매 및 소매업
주식회사삼원에스앤디,026355,2018/12,"전문, 과학 및 기술 서비스업"
주식회사삼원엔터프라이즈,081881,2018,
주식회사삼원오토밸리,072253,2018,
주식회사삼원전력,047484,2018/12,건설업
주식회사삼원중공업,047799,2018/12,제조업
주식회사삼원특수지,029367,2018/12,도매 및 소매업
주식회사삼원프라스틱,018902,2018/12,제조업
주식회사삼육리더스라이프,081833,2018/12,"협회 및 단체, 수리 및 기타 개인 서비스업"
주식회사삼융시네마,091582,2018/12,부동산업
주식회사삼익유니버스,069725,2018/12,부동산업
주식회사삼익티디에프,052316,2018/12,제조업
주식회사삼인개발,074575,2018,
주식회사삼인건설,082195,2018/12,건설업
